20170606150902864
20170606150904295
20170606150905713
20170606150907173
20170606150908544
20170606150909998
20170606150911410
20170606150912832
20170606150914357
20170606150915805
20170606150917258
20170606150918699
20170606150920179
20170606150921648
20170606150923126
20170606150924625
20170606150926039
20170606150927462
20170606150928975
20170606150930489
20170606150931933
20170606150933419
20170606150934903
20170606150936173
20170606150937601
20170606150938869
20170606150940191
20170606150941610
20170606150943161
20170606150944581
20170606150946006
20170606150947508
20170606150948850
20170606150950316
20170606150951726
20170606150952823
20170606150953886
20170606150955079
20170606150956571
20170606150958024
20170606150959485
20170606151000973
20170606151002502
20170606151003866
20170606151005108
20170606151006174
20170606151007539
20170606151009034
20170606151010513
20170606151012029
20170606151013422
20170606151014927
20170606151016446
20170606151017858
20170606151019332
20170606151020830
20170606151022246
20170606151023674
20170606151025152
20170606151026692
20170606151028052
20170606151029561
20170606151031061
20170606151032565
20170606151033970
20170606151035416
20170606151036653
20170606151038111
20170606151039605
20170606151041068
20170606151042460
20170606151043962
20170606151045443
20170606151046902
20170606151048289
20170606151049747
20170606151050960
20170606151052133
20170606151053562
20170606151054655
20170606151055662
20170606151056916
20170606151058410
20170606151059893
20170606151101376
20170606151102824
20170606151104295
20170606151105769
20170606151107275
20170606151108530
20170606151109898
20170606151111228
20170606151112754
20170606151114143
20170606151115571
20170606151117043
20170606151118567
20170606151120036
20170606151121579
20170606151123180
20170606151124691
20170606151126036
20170606151127524
20170606151129069
20170606151130514
20170606151131986
20170606151133479
20170606151134922
20170606151136439
20170606151137880
20170606151139261
20170606151140456
20170606151141908
20170606151143429
20170606151144845
20170606151146311
20170606151147768
20170606151149098
20170606151150494
20170606151151985
20170606151153408
20170606151154963
20170606151156458
20170606151157937
20170606151226196
20170606151227639
20170606151229136
20170606151230589
20170606151231714
20170606151233202
20170606151234704
20170606151236227
20170606151237702
20170606151239094
20170606151240596
20170606151242076
20170606151243450
20170606151244925
20170606151246375
20170606151247842
20170606151249237
20170606151250677
20170606151252112
20170606151253608
20170606151255112
20170606151256581
20170606151258050
20170606151259497
20170606151300651
20170606151302177
20170606151303649
20170606151305111
20170606151306586
20170606151308020
20170606151309521
20170606151311035
20170606151312490
20170606151313867
20170606151315255
20170606151316711
20170606151318022
20170606151319459
20170606151320850
20170606151322331
20170606151323780
20170606151325164
20170606151326709
20170606151328226
20170606151329496
20170606151331030
20170606151332377
20170606151333756
20170606151335227
20170606151336687
20170606151338027
20170606151339556
20170606151340985
20170606151342374
20170606151343868
20170606151345370
20170606151346839
20170606151348300
20170606151349676
20170606151350944
20170606151352328
20170606151353797
20170606151355272
20170606151356774
20170606151358288
20170606151359680
20170606151400927
20170606151402445
20170606151403907
20170606151405251
20170606151406600
20170606151408094
20170606151409570
20170606151411075
20170606151412594
20170606151414106
20170606151415511
20170606151416933
20170606151418411
20170606151419848
20170606151421260
20170606151422666
20170606151424112
20170606151425581
20170606151427062
20170606151428446
20170606151429983
20170606151431505
20170606151432812
20170606151433868
20170606151435307
20170606151436792
20170606151438153
20170606151439627
20170606151441089
20170606151442294
20170606151443810
20170606151445230
20170606151446697
20170606151448127
20170606151449594
20170606151450868
20170606151452325
20170606151453773
20170606151455290
20170606151456751
20170606151458114
20170606151459614
20170606151501062
20170606151502617
20170606151504127
20170606151505662
20170606151506911
20170606151508342
20170606151509864
20170606151511393
20170606151512758
20170606151514265
20170606151515558
20170606151516623
20170606151518014
20170606151519475
20170606151520915
20170606151522288
20170606151523817
20170606151525348
20170606151526800
20170606151528105
20170606151529577
20170606151531074
20170606151532539
20170606151534012
20170606151535502
20170606151536920
20170606151538312
20170606151539589
20170606151541035
20170606151542526
20170606151544025
20170606151545488
20170606151546929
20170606151548402
20170606151549881
20170606151551342
20170606151552837
20170606151554139
20170606151555532
20170606151557070
20170606151558480
20170606151559795
20170606151601219
20170606151602691
20170606151604108
20170606151605543
20170606151606992
20170606151608466
20170606151609942
20170606151611296
20170606151612711
20170606151614028
20170606151615424
20170606151616718
20170606151618171
20170606151619725
20170606151621142
20170606151622418
20170606151623894
20170606151625219
20170606151626603
20170606151628093
20170606151629562
20170606151631039
20170606151632431
20170606151633822
20170606151635068
20170606151636551
20170606151638028
20170606151639431
20170606151640499
20170606151641454
20170606151642256
20170606151642962
20170606151643601
20170606151644243
20170606151644892
20170606151645524
20170606151647002
20170606151648316
20170606151649420
20170606151650486
20170606151651942
20170606151653418
20170606151654937
20170606151656440
20170606151657967
20170606151659477
20170606151700953
20170606151702475
20170606151703851
20170606151705102
20170606151706621
20170606151707984
20170606151709429
20170606151710945
20170606151712374
20170606151713758
20170606151715217
20170606151716684
20170606151718142
20170606151719619
20170606151721158
20170606151722564
20170606151724082
20170606151725500
20170606151726865
20170606151728367
20170606151729837
20170606151731322
20170606151732741
20170606151734194
20170606151735576
20170606151737088
20170606151738567
20170606151740048
20170606151741460
20170606151742944
20170606151744497
20170606151745728
20170606151747038
20170606151748493
20170606151749904
20170606151751303
20170606151752662
20170606151754010
20170606151755444
20170606151756833
20170606151758074
20170606151759478
20170606151800960
20170606151802410
20170606151803856
20170606151805118
20170606151806607
20170606151808017
20170606151809355
20170606151810814
20170606151812269
20170606151813728
20170606151815193
20170606151816639
20170606151818039
20170606151819468
20170606151820924
20170606151822395
20170606151823895
20170606151825420
20170606151826917
20170606151828365
20170606151829854
20170606151831340
20170606151832732
20170606151834044
20170606151835340
20170606151836877
20170606151838338
20170606151839793
20170606151841081
20170606151842496
20170606151843883
20170606151845347
20170606151846765
20170606151848271
20170606151849630
20170606151851173
20170606151852551
20170606151854074
20170606151855393
20170606151856909
20170606151858380
20170606151859909
20170606151901274
20170606151902693
20170606151904107
20170606151905571
20170606151906983
20170606151908519
20170606151909885
20170606151911321
20170606151912631
20170606151914022
20170606151915414
20170606151916795
20170606151918027
20170606151919551
20170606151921038
20170606151922421
20170606151923751
20170606151925139
20170606151926494
20170606151927989
20170606151929474
20170606151930933
20170606151932166
20170606151933197
20170606151934551
20170606151935974
20170606151937379
20170606151938609
20170606151940089
20170606151941562
20170606151943065
20170606151944565
20170606151946073
20170606151947497
20170606151948949
20170606151950354
20170606151951706
20170606151952914
20170606151954438
20170606151955917
20170606151957391
20170606151958869
20170606152000261
20170606152001793
20170606152003294
20170606152004789
20170606152006238
20170606152007691
20170606152009222
20170606152010620
20170606152011817
20170606152013347
20170606152014805
20170606152016243
20170606152017793
20170606152019291
20170606152020812
20170606152022175
20170606152023659
20170606152025107
20170606152026532
20170606152028056
20170606152029525
20170606152030804
20170606152032167
20170606152033650
20170606152035185
20170606152036674
20170606152038139
20170606152039589
20170606152040888
20170606152042102
20170606152043144
20170606152044622
20170606152046146
20170606152047627
20170606152049158
20170606152050660
20170606152052122
20170606152053624
20170606152055019
20170606152056470
20170606152057882
20170606152059414
20170606152100825
20170606152102337
20170606152103876
20170606152105337
20170606152106795
20170606152108228
20170606152109386
20170606152110433
20170606152111804
20170606152113149
20170606152114455
20170606152115771
20170606152117198
20170606152118708
20170606152120167
20170606152121646
20170606152123126
20170606152124421
20170606152125910
20170606152127232
20170606152128426
20170606152129865
20170606152131387
20170606152132774
20170606152134271
20170606152135781
20170606152137219
20170606152138698
20170606152140198
20170606152141468
20170606152142966
20170606152144448
20170606152145938
20170606152147374
20170606152148825
20170606152150367
20170606152151780
20170606152152944
20170606152154450
20170606152155849
20170606152157275
20170606152158661
20170606152200204
20170606152201558
20170606152202795
20170606152204158
20170606152205642
20170606152207128
20170606152208636
20170606152209977
20170606152211340
20170606152212774
20170606152214257
20170606152215588
20170606152217073
20170606152218498
20170606152219974
20170606152221435
20170606152222846
20170606152224228
20170606152225502
20170606152226982
20170606152228445
20170606152229950
20170606152231411
20170606152232885
20170606152234378
20170606152235822
20170606152237170
20170606152238665
20170606152240158
20170606152241744
20170606152243258
20170606152244720
20170606152246230
20170606152247741
20170606152249178
20170606152250701
20170606152252170
20170606152253635
20170606152254793
20170606152256030
20170606152257368
20170606152258498
20170606152259948
20170606152301320
20170606152302655
20170606152304072
20170606152305261
20170606152306477
20170606152307941
20170606152309357
20170606152310817
20170606152312280
20170606152313795
20170606152315302
20170606152316702
20170606152318243
20170606152319683
20170606152321152
20170606152322589
20170606152324053
20170606152325472
20170606152326624
20170606152327699
20170606152328808
20170606152330163
20170606152331367
20170606152332808
20170606152334323
20170606152335839
20170606152337168
photos1_MR1703C_1FPS_2_20170606150902864.txt
20170606152338364
20170606152339691
20170606152341150
20170606152342674
20170606152344103
20170606152345647
20170606152347117
20170606152348579
20170606152349998
20170606152351444
20170606152352923
20170606152354383
20170606152355900
20170606152357187
20170606152358596
20170606152359943
20170606152401411
20170606152402896
20170606152404310
20170606152405630
20170606152406704
20170606152407791
20170606152409254
20170606152410819
20170606152412343
20170606152413667
20170606152415079
20170606152416562
20170606152418105
20170606152419515
20170606152420726
20170606152422229
20170606152423687
20170606152425149
20170606152426692
20170606152428168
20170606152429590
20170606152431041
20170606152432317
20170606152433713
20170606152435151
20170606152436593
20170606152438020
20170606152439525
20170606152441040
20170606152442446
20170606152443942
20170606152445410
20170606152446816
20170606152448289
20170606152449718
20170606152450898
20170606152452117
20170606152453452
20170606152454519
20170606152455916
20170606152457458
20170606152458973
20170606152500330
20170606152501508
20170606152502782
20170606152504272
20170606152505787
20170606152507221
20170606152508546
20170606152510013
20170606152511323
20170606152512830
20170606152514353
20170606152515749
20170606152517080
20170606152518568
20170606152519850
20170606152521328
20170606152522772
20170606152524013
20170606152525581
20170606152526877
20170606152528000
20170606152529289
20170606152530626
20170606152532124
20170606152533589
20170606152535053
20170606152536477
20170606152537995
20170606152539495
20170606152540935
20170606152542404
20170606152543866
20170606152545282
20170606152546771
20170606152548165
20170606152549690
20170606152551177
20170606152552663
20170606152554107
20170606152555218
20170606152556558
20170606152558044
20170606152559399
20170606152600811
20170606152602325
20170606152603746
20170606152605311
20170606152606661
20170606152608203
20170606152609562
20170606152610962
20170606152612350
20170606152613880
20170606152615229
20170606152616637
20170606152618101
20170606152619636
20170606152621080
20170606152622414
20170606152623533
20170606152625066
20170606152626520
20170606152627843
20170606152629344
20170606152630831
20170606152632207
20170606152633375
20170606152634387
20170606152635889
20170606152637357
20170606152638803
20170606152640265
20170606152641645
20170606152643205
20170606152644577
20170606152645862
20170606152647345
20170606152648883
20170606152650354
20170606152651626
20170606152652959
20170606152654433
20170606152655824
20170606152657137
20170606152658650
20170606152700212
20170606152701734
20170606152703179
20170606152704576
20170606152706082
20170606152707654
20170606152709134
20170606152710395
20170606152711874
20170606152713151
20170606152714600
20170606152716097
20170606152717474
20170606152718906
20170606152720351
20170606152721874
20170606152723347
20170606152724815
20170606152725985
20170606152727557
20170606152728767
20170606152729873
20170606152731348
20170606152732712
20170606152733900
20170606152735361
20170606152736659
20170606152738043
20170606152739597
20170606152741084
20170606152742462
20170606152743970
20170606152745493
20170606152747015
20170606152748354
20170606152749807
20170606152751268
20170606152752602
20170606152754123
20170606152755620
20170606152757151
20170606152758522
20170606152759971
20170606152801320
20170606152802772
20170606152804195
20170606152805523
20170606152806874
20170606152808068
20170606152809148
20170606152810642
20170606152812159
20170606152813543
20170606152814929
20170606152816395
20170606152817535
20170606152818978
20170606152820460
20170606152821901
20170606152823144
20170606152824261
20170606152825684
20170606152827232
20170606152828708
20170606152830039
20170606152831096
20170606152832528
20170606152834024
20170606152835527
20170606152837041
20170606152838502
20170606152840005
20170606152841366
20170606152842579
20170606152843790
20170606152845172
20170606152846250
20170606152847325
20170606152848786
20170606152850256
20170606152851705
20170606152852989
20170606152854412
20170606152855548
20170606152856888
20170606152858322
20170606152859821
20170606152901352
20170606152902871
20170606152904362
20170606152905812
20170606152907305
20170606152908750
20170606152910100
20170606152911582
20170606152913113
20170606152914608
20170606152915912
20170606152917306
20170606152918764
20170606152920251
20170606152921736
20170606152923281
20170606152924651
20170606152926205
20170606152927747
20170606152929217
20170606152930610
20170606152931876
20170606152933346
20170606152934883
20170606152936332
20170606152937664
20170606152938991
20170606152940448
20170606152941691
20170606152942745
20170606152944244
20170606152945712
20170606152947208
20170606152948714
20170606152950030
20170606152951563
20170606152953103
20170606152954560
20170606152955932
20170606152957302
20170606152958750
20170606153000206
20170606153001500
20170606153002520
20170606153003446
20170606153004972
20170606153006151
20170606153007329
20170606153008675
20170606153010177
20170606153011581
20170606153013131
20170606153014525
20170606153015624
20170606153016870
20170606153018323
20170606153019858
20170606153021166
20170606153022533
20170606153023861
20170606153025258
20170606153026616
20170606153027958
20170606153029205
20170606153030583
20170606153031886
20170606153033386
20170606153034876
20170606153036292
20170606153037516
20170606153038902
20170606153039981
20170606153041017
20170606153042344
20170606153043834
20170606153045383
20170606153046827
20170606153048279
20170606153049747
20170606153051273
20170606153052741
20170606153053993
20170606153055018
20170606153055858
20170606153057120
20170606153058642
20170606153059991
20170606153101336
20170606153102879
20170606153104242
20170606153105695
20170606153107165
20170606153108300
20170606153109796
20170606153111005
20170606153112049
20170606153113515
20170606153115061
20170606153116417
20170606153117877
20170606153119342
20170606153120834
20170606153122262
20170606153123753
20170606153125160
20170606153126652
20170606153128127
20170606153129597
20170606153131075
20170606153132578
20170606153134109
20170606153135528
20170606153137024
20170606153138366
20170606153139659
20170606153141113
20170606153142612
20170606153144085
20170606153145383
20170606153146765
20170606153148219
20170606153149771
20170606153151318
20170606153152469
20170606153153550
20170606153155098
20170606153156594
20170606153157993
20170606153159206
20170606153200751
20170606153202223
20170606153203626
20170606153204825
20170606153206056
20170606153207399
20170606153208853
20170606153210273
20170606153211778
20170606153213178
20170606153214669
20170606153216114
20170606153217455
20170606153218837
20170606153220035
20170606153221423
20170606153222871
20170606153224356
20170606153225848
20170606153227231
20170606153228726
20170606153230225
20170606153231711
20170606153233117
20170606153234632
20170606153236108
20170606153237498
20170606153238945
20170606153240488
20170606153241957
20170606153243263
20170606153244683
20170606153246086
20170606153247568
20170606153249016
20170606153250500
20170606153252037
20170606153253503
20170606153254788
20170606153256265
20170606153257770
20170606153259263
20170606153300788
20170606153302190
20170606153303740
20170606153305207
20170606153306698
20170606153308133
20170606153309535
20170606153311081
20170606153312625
20170606153313987
20170606153315276
20170606153316535
20170606153317584
20170606153318506
20170606153319900
20170606153321394
20170606153322839
20170606153324286
20170606153325860
20170606153327353
20170606153328745
20170606153330242
20170606153331682
20170606153333072
20170606153334411
20170606153335724
20170606153337249
20170606153338744
20170606153340262
20170606153341613
20170606153342932
20170606153344423
20170606153345766
20170606153347134
20170606153348678
20170606153350104
20170606153351633
20170606153353091
20170606153354471
20170606153355585
20170606153357008
20170606153358462
20170606153400016
20170606153401520
20170606153403016
20170606153404331
20170606153405781
20170606153407145
20170606153408286
20170606153409275
20170606153410748
20170606153412216
20170606153413635
20170606153415033
20170606153416562
20170606153417976
20170606153419503
20170606153420961
20170606153422513
20170606153424014
20170606153425564
20170606153427062
20170606153428477
20170606153429911
20170606153431362
20170606153457240
20170606153458652
20170606153500032
20170606153501557
20170606153502952
20170606153504468
20170606153505934
20170606153507463
20170606153508883
20170606153510363
20170606153511793
20170606153513212
20170606153514418
20170606153515464
20170606153516727
20170606153518225
20170606153519705
20170606153521219
20170606153522704
20170606153524176
20170606153525541
20170606153526954
20170606153528357
20170606153529854
20170606153531335
20170606153532785
20170606153534218
20170606153535748
20170606153537243
20170606153538694
20170606153540242
20170606153541749
20170606153543204
20170606153544630
20170606153545993
20170606153547166
20170606153548197
20170606153549542
20170606153551042
20170606153552439
20170606153553947
20170606153555361
20170606153556467
20170606153557854
20170606153559262
20170606153600678
20170606153602227
20170606153603744
20170606153605215
20170606153606658
20170606153608185
20170606153609682
20170606153611023
20170606153612411
20170606153613965
20170606153615441
20170606153616882
20170606153618418
20170606153619890
20170606153621228
20170606153622702
20170606153624257
20170606153625641
20170606153627175
20170606153628614
20170606153629852
20170606153631239
20170606153632583
20170606153633757
20170606153635244
20170606153636731
20170606153638227
20170606153639751
20170606153641249
20170606153642772
20170606153644028
20170606153645353
20170606153646882
20170606153648410
20170606153649839
20170606153651182
20170606153652614
20170606153654058
20170606153655531
20170606153656970
20170606153658467
20170606153659772
20170606153701067
20170606153702549
20170606153704085
20170606153705528
20170606153706955
20170606153708454
20170606153709947
20170606153711250
20170606153712595
20170606153714099
20170606153715648
20170606153717144
20170606153718671
20170606153720056
20170606153721384
20170606153722828
20170606153724342
20170606153725839
20170606153727357
20170606153728891
20170606153730441
20170606153731880
20170606153733377
20170606153734871
20170606153736157
20170606153737224
20170606153738496
20170606153740008
20170606153741498
20170606153743043
20170606153744539
20170606153746059
20170606153747488
20170606153749002
20170606153750541
20170606153752082
20170606153753540
20170606153754656
20170606153756110
20170606153757540
20170606153758928
20170606153800469
20170606153801925
20170606153803379
20170606153804784
20170606153805929
20170606153807223
20170606153808645
20170606153809932
20170606153811363
20170606153812690
20170606153813759
20170606153814758
20170606153816255
20170606153817804
20170606153819317
20170606153820626
20170606153821998
20170606153823533
20170606153825021
20170606153826427
20170606153827975
20170606153829340
20170606153830835
20170606153832369
20170606153833738
20170606153835214
20170606153836763
20170606153838213
20170606153839639
20170606153841057
20170606153842557
20170606153844032
20170606153845432
20170606153846882
20170606153848368
20170606153849793
20170606153851254
20170606153852581
20170606153853977
20170606153855479
20170606153856997
20170606153858535
20170606153900033
20170606153901464
20170606153902998
20170606153904494
20170606153905896
20170606153907385
20170606153908833
20170606153910310
20170606153911808
20170606153913322
20170606153914777
20170606153916165
20170606153917613
20170606153919112
20170606153920556
20170606153921840
20170606153922880
20170606153924166
20170606153925638
20170606153927158
20170606153928653
20170606153930075
20170606153931601
20170606153933003
20170606153934506
20170606153935922
20170606153937035
20170606153938512
20170606153940090
20170606153941523
20170606153942624
20170606153943980
20170606153945344
20170606153946495
20170606153947584
20170606153949107
20170606153950260
20170606153951716
20170606153953200
20170606153954578
20170606153955876
20170606153957379
20170606153958634
20170606154000158
20170606154001584
20170606154002790
20170606154004013
20170606154005464
20170606154007016
20170606154008508
20170606154010035
20170606154011565
20170606154012923
20170606154014396
20170606154015806
20170606154017204
20170606154018675
20170606154020223
20170606154021746
20170606154023265
20170606154024722
20170606154026111
20170606154027496
20170606154028990
20170606154030509
20170606154031849
20170606154033353
20170606154034825
20170606154036288
20170606154037799
20170606154039362
20170606154040886
20170606154042353
20170606154043907
20170606154045367
20170606154046755
20170606154048254
20170606154049782
20170606154051288
20170606154052763
20170606154054299
20170606154055859
20170606154057130
20170606154058605
20170606154100063
20170606154101628
20170606154103137
20170606154104660
20170606154106140
20170606154107635
20170606154109128
20170606154110579
20170606154112114
20170606154113608
20170606154115125
20170606154116646
20170606154118196
20170606154119640
20170606154121120
20170606154122595
20170606154124116
20170606154125512
20170606154126909
20170606154128364
20170606154129544
20170606154131041
20170606154132515
20170606154133889
20170606154135294
20170606154136756
20170606154138088
20170606154139656
20170606154141153
20170606154142445
20170606154143646
20170606154144663
20170606154145596
20170606154146409
20170606154147720
20170606154149215
20170606154150706
20170606154152041
20170606154153569
20170606154155001
20170606154156551
20170606154157937
20170606154159239
20170606154200736
20170606154202262
20170606154203759
20170606154205166
20170606154206643
20170606154208138
20170606154209553
20170606154211025
20170606154212195
20170606154213315
20170606154214838
20170606154216301
20170606154217494
20170606154218974
20170606154220232
20170606154221783
20170606154223196
20170606154224732
20170606154226166
20170606154227642
20170606154229022
20170606154230553
20170606154232077
20170606154233523
20170606154235020
20170606154236504
20170606154237764
20170606154239313
20170606154240521
20170606154242071
20170606154243484
20170606154244976
20170606154246408
20170606154247857
20170606154249231
20170606154250545
20170606154251613
20170606154252614
20170606154253960
20170606154255142
20170606154256177
20170606154257563
20170606154259053
20170606154300539
20170606154302039
20170606154303422
20170606154304875
20170606154306416
20170606154307921
20170606154309434
20170606154310907
20170606154312421
20170606154313627
20170606154314973
20170606154316186
20170606154317230
20170606154318146
20170606154318998
20170606154319718
20170606154321193
20170606154322709
20170606154324127
20170606154325277
20170606154326319
20170606154327722
20170606154329196
20170606154330683
20170606154332113
20170606154333539
20170606154335066
20170606154336413
20170606154337801
20170606154339254
20170606154340771
20170606154342125
20170606154343273
20170606154344214
20170606154345069
20170606154346600
20170606154348094
20170606154349451
20170606154350586
20170606154352053
20170606154353183
20170606154354558
20170606154355962
20170606154357285
20170606154358546
20170606154400111
20170606154401565
20170606154403064
20170606154404526
20170606154406082
20170606154407534
20170606154409028
20170606154410472
20170606154411600
20170606154413056
20170606154414586
20170606154416085
20170606154417581
20170606154419028
20170606154420510
20170606154421987
20170606154423489
20170606154424804
20170606154426222
20170606154427759
20170606154429312
20170606154430784
20170606154432264
20170606154433684
20170606154435178
20170606154436639
20170606154437983
20170606154439282
20170606154440650
20170606154442127
20170606154443462
20170606154444979
20170606154446513
20170606154447937
20170606154449467
20170606154450716
20170606154452053
20170606154453578
20170606154455030
20170606154456556
20170606154458027
20170606154459550
20170606154501022
20170606154502489
20170606154503983
20170606154505360
20170606154506840
20170606154508362
20170606154509757
20170606154511236
20170606154512728
20170606154514281
20170606154515682
20170606154517056
20170606154518468
20170606154520021
20170606154521517
20170606154522911
20170606154524322
20170606154525789
20170606154527319
20170606154528812
20170606154530212
20170606154531577
20170606154533113
20170606154534607
20170606154536121
20170606154537641
20170606154539106
20170606154540654
20170606154542157
20170606154543571
20170606154545026
20170606154546538
20170606154547851
20170606154549118
20170606154550470
20170606154551966
20170606154553461
20170606154555002
20170606154556327
20170606154557752
20170606154559317
20170606154600813
20170606154602280
20170606154603715
20170606154605257
20170606154606755
20170606154608274
20170606154609767
20170606154611286
20170606154612702
20170606154614042
20170606154615456
20170606154617005
20170606154618550
20170606154620078
20170606154621565
20170606154622777
20170606154624313
20170606154625712
20170606154627239
20170606154628690
20170606154630230
20170606154631730
20170606154633200
20170606154634726
20170606154635964
20170606154637045
20170606154638143
20170606154639601
20170606154641010
20170606154642150
20170606154643621
20170606154645142
20170606154646500
20170606154647837
20170606154649368
20170606154650797
20170606154652039
20170606154653432
20170606154654929
20170606154656342
20170606154657682
20170606154659239
20170606154700717
20170606154702218
20170606154703628
20170606154705175
20170606154706619
20170606154708135
20170606154709701
20170606154711196
20170606154712668
20170606154714159
20170606154715597
20170606154717075
20170606154718601
20170606154720059
20170606154721489
20170606154722617
20170606154724118
20170606154725646
20170606154727047
20170606154728531
20170606154730024
20170606154731510
20170606154733054
20170606154734563
20170606154735990
20170606154737047
20170606154738110
20170606154739591
20170606154741113
20170606154742584
20170606154744077
20170606154745516
20170606154746957
20170606154748307
20170606154749838
20170606154751368
20170606154752890
20170606154754269
20170606154755736
20170606154756987
20170606154758029
20170606154759519
20170606154800757
20170606154801843
20170606154803270
20170606154804813
20170606154806228
20170606154807729
20170606154809204
20170606154810609
20170606154812111
20170606154813632
20170606154814898
20170606154815966
20170606154816891
20170606154818408
20170606154819853
20170606154821349
20170606154822889
20170606154824409
20170606154825904
20170606154827406
20170606154828808
20170606154829871
20170606154831156
20170606154832644
20170606154834147
20170606154835652
20170606154837021
20170606154838258
20170606154839778
20170606154841235
20170606154842789
20170606154844313
20170606154845740
20170606154847217
20170606154848579
20170606154850083
20170606154851585
20170606154853081
20170606154854601
20170606154856099
20170606154857613
20170606154859111
20170606154900445
20170606154901739
20170606154903140
20170606154904612
20170606154906160
20170606154907636
20170606154909167
20170606154910581
20170606154912046
20170606154913507
20170606154914823
20170606154916234
20170606154917575
20170606154918788
20170606154920340
20170606154921838
20170606154923348
20170606154924818
20170606154926370
20170606154927801
20170606154929330
20170606154930850
20170606154932395
20170606154933934
20170606154935392
20170606154936520
20170606154937508
20170606154939010
20170606154940322
20170606154941394
20170606154942854
20170606154944206
20170606154945333
20170606154946770
20170606154948219
20170606154949682
20170606154950964
20170606154952378
20170606154953790
20170606154955105
20170606154956482
20170606154957929
20170606154959343
20170606155000557
20170606155002041
20170606155003533
20170606155005073
20170606155006571
20170606155008104
20170606155009580
20170606155011031
20170606155012516
20170606155014065
20170606155015560
20170606155016964
20170606155018455
20170606155019619
20170606155021006
20170606155022543
20170606155023779
20170606155024887
20170606155026420
20170606155027915
20170606155029368
20170606155030729
20170606155032256
20170606155033834
20170606155035344
20170606155036838
20170606155038280
20170606155039839
20170606155041397
20170606155042883
20170606155044046
20170606155045084
20170606155046090
20170606155047384
20170606155048809
20170606155049983
20170606155051541
20170606155053011
20170606155054427
20170606155055595
20170606155057149
20170606155058646
20170606155100128
20170606155101622
20170606155103082
20170606155104539
20170606155105922
20170606155107443
20170606155108827
20170606155110351
20170606155111881
20170606155113384
20170606155114897
20170606155116459
20170606155117867
20170606155119227
20170606155120702
20170606155122195
20170606155123597
20170606155125074
20170606155126640
20170606155128070
20170606155129435
20170606155130967
20170606155132279
20170606155133685
20170606155135095
20170606155136431
20170606155137989
20170606155139525
20170606155140801
20170606155142328
20170606155143856
20170606155145208
20170606155146633
20170606155148128
20170606155149652
20170606155151029
20170606155152554
20170606155153944
20170606155155496
20170606155156992
20170606155158316
20170606155159501
20170606155200997
20170606155202445
20170606155203896
20170606155205002
20170606155206493
20170606155207855
20170606155209224
20170606155210674
20170606155212119
20170606155213613
20170606155215111
20170606155216502
20170606155218027
names.txt
20170606155219512
20170606155220957
20170606155222500
20170606155224027
20170606155225522
20170606155227022
20170606155228497
20170606155230025
20170606155231442
20170606155232571
20170606155234048
20170606155235557
20170606155236786
20170606155238323
20170606155239756
20170606155241303
20170606155242697
20170606155243892
20170606155244974
20170606155246526
20170606155248078
20170606155249608
20170606155251118
20170606155252629
20170606155254107
20170606155255560
20170606155257122
20170606155258645
20170606155300146
20170606155301517
20170606155303078
20170606155304594
20170606155306150
20170606155307648
20170606155309129
20170606155310686
20170606155312159
20170606155313638
20170606155315109
20170606155316588
20170606155318061
20170606155319525
20170606155320639
20170606155321704
20170606155323163
20170606155324570
20170606155326041
20170606155327504
20170606155329023
20170606155330438
20170606155331863
20170606155333331
20170606155334745
20170606155335892
20170606155337417
20170606155338930
20170606155340507
20170606155342021
20170606155343486
20170606155344998
20170606155346460
20170606155347662
20170606155349119
20170606155350448
20170606155351523
20170606155353033
20170606155354616
20170606155356126
20170606155357648
20170606155359137
20170606155400662
20170606155402112
20170606155403698
20170606155405192
20170606155406517
20170606155407640
20170606155408879
20170606155410310
20170606155411660
20170606155413087
20170606155414557
20170606155416061
20170606155417559
20170606155418989
20170606155420546
20170606155421960
20170606155423468
20170606155424964
20170606155426370
20170606155427767
20170606155429294
20170606155430451
20170606155431943
20170606155433372
20170606155434902
20170606155436323
20170606155437843
20170606155439154
20170606155440546
20170606155442008
20170606155443420
20170606155444942
20170606155446395
20170606155447948
20170606155449445
20170606155450907
20170606155452423
20170606155453908
20170606155455450
20170606155456985
20170606155458547
20170606155500075
20170606155501517
20170606155502916
20170606155504411
20170606155505837
20170606155507340
20170606155508689
20170606155510092
20170606155511660
20170606155513226
20170606155514730
20170606155516101
20170606155517571
20170606155519030
20170606155520580
20170606155522125
20170606155523607
20170606155525107
20170606155526457
20170606155527962
20170606155529451
20170606155530982
20170606155532487
20170606155534035
20170606155535485
20170606155537021
20170606155538549
20170606155540058
20170606155541564
20170606155543037
20170606155544239
20170606155545435
20170606155546899
20170606155548402
20170606155549993
20170606155551409
20170606155552773
20170606155554211
20170606155555508
20170606155556637
20170606155557996
20170606155559240
20170606155600311
20170606155601803
20170606155603256
20170606155604607
20170606155605781
20170606155607205
20170606155608444
20170606155609831
20170606155611265
20170606155612747
20170606155614204
20170606155615671
20170606155616957
20170606155618394
20170606155619897
20170606155621456
20170606155622869
20170606155624349
20170606155625800
20170606155627224
20170606155628764
20170606155630291
20170606155631798
20170606155633312
20170606155634611
20170606155636065
20170606155637246
20170606155638799
20170606155640197
20170606155641524
20170606155642940
20170606155644492
20170606155645994
20170606155647538
20170606155648987
20170606155650374
20170606155651819
20170606155653189
20170606155654674
20170606155656140
20170606155657641
20170606155659140
20170606155700663
20170606155702170
20170606155703647
20170606155705084
20170606155706554
20170606155708048
20170606155709602
20170606155710915
20170606155712355
20170606155713500
20170606155714890
20170606155716355
20170606155717833
20170606155719247
20170606155720714
20170606155721904
20170606155723230
20170606155724639
20170606155726082
20170606155727563
20170606155729069
20170606155730439
20170606155731770
20170606155733265
20170606155734733
20170606155736259
20170606155737790
20170606155739342
20170606155740821
20170606155741996
20170606155743222
20170606155744737
20170606155746151
20170606155747664
20170606155749067
20170606155750448
20170606155751943
20170606155753476
20170606155754941
20170606155756519
20170606155758019
20170606155759493
20170606155801014
20170606155802432
20170606155803891
20170606155805268
20170606155806551
20170606155808046
20170606155809425
20170606155810799
20170606155812294
20170606155813840
20170606155815324
20170606155816534
20170606155817824
20170606155819097
20170606155820370
20170606155821879
20170606155823387
20170606155824754
20170606155826317
20170606155827793
20170606155829203
20170606155830443
20170606155831569
20170606155833039
20170606155834575
20170606155835986
20170606155837499
20170606155839028
20170606155840563
20170606155842071
20170606155843623
20170606155845130
20170606155846610
20170606155848108
20170606155849604
20170606155850817
20170606155851900
20170606155853386
20170606155854799
20170606155856299
20170606155857852
20170606155859364
20170606155900894
20170606155902372
20170606155903893
20170606155905285
20170606155906446
20170606155907462
20170606155908894
20170606155910387
20170606155911631
20170606155912710
20170606155914279
20170606155915859
20170606155917348
20170606155918849
20170606155920226
20170606155921734
20170606155923190
20170606155924745
20170606155926184
20170606155927643
20170606155928936
20170606155930486
20170606155932013
20170606155933549
20170606155935084
20170606155936619
20170606155938162
20170606155939625
20170606155941128
20170606155942283
20170606155943675
20170606155945224
20170606155946586
20170606155948153
20170606155949654
20170606155951206
20170606155952552
20170606155954048
20170606155955352
20170606155956534
20170606155958060
20170606155959384
20170606160000434
20170606160001381
20170606160002316
20170606160003759
20170606160005322
20170606160006806
20170606160008324
20170606160009885
20170606160011268
20170606160012658
20170606160013823
20170606160015274
20170606160016589
20170606160018092
20170606160019386
20170606160020791
20170606160022287
20170606160023707
20170606160024899
20170606160026431
20170606160027902
20170606160029432
20170606160030950
20170606160032324
20170606160033869
20170606160035215
20170606160036297
20170606160037791
20170606160039352
20170606160040773
20170606160042169
20170606160043683
20170606160045137
20170606160046621
20170606160048112
20170606160049564
20170606160051047
20170606160052604
20170606160053977
20170606160055196
20170606160056602
20170606160057780
20170606160059266
20170606160100797
20170606160102247
20170606160103702
20170606160104825
20170606160105913
20170606160106968
20170606160107983
20170606160109349
20170606160110538
20170606160111896
20170606160113322
20170606160114697
20170606160115992
20170606160117525
20170606160118957
20170606160120521
20170606160121885
20170606160123001
20170606160124458
20170606160125973
20170606160127408
20170606160128918
20170606160130455
20170606160131949
20170606160133356
20170606160134543
20170606160135545
20170606160137125
20170606160138611
20170606160140078
20170606160141443
20170606160142910
20170606160144441
20170606160145861
20170606160147266
20170606160148325
20170606160149232
20170606160150499
20170606160151694
20170606160153161
20170606160154627
20170606160156115
20170606160157556
20170606160158865
20170606160200340
20170606160201801
20170606160203293
20170606160204821
20170606160206173
20170606160207559
20170606160209047
20170606160210601
20170606160211873
20170606160213359
20170606160214861
20170606160216385
20170606160217893
20170606160219406
20170606160220952
20170606160222313
20170606160223821
20170606160225296
20170606160226497
20170606160227857
20170606160229291
20170606160230438
20170606160231948
20170606160233503
20170606160234999
20170606160236463
20170606160237878
20170606160239411
20170606160240860
20170606160242345
20170606160243780
20170606160245192
20170606160246519
20170606160247912
20170606160319540
20170606160320995
20170606160322373
20170606160323592
20170606160324994
20170606160326497
20170606160327852
20170606160328911
20170606160329850
20170606160331305
20170606160332727
20170606160334260
20170606160335795
20170606160337266
20170606160338768
20170606160340283
20170606160341818
20170606160343242
20170606160344326
20170606160345804
20170606160347070
20170606160348418
20170606160349501
20170606160350976
20170606160352538
20170606160354043
20170606160355544
20170606160356974
20170606160358479
20170606160400050
20170606160401551
20170606160402988
20170606160404541
20170606160406111
20170606160407473
20170606160409014
20170606160410522
20170606160411903
20170606160413140
20170606160414678
20170606160416135
20170606160417573
20170606160419061
20170606160420598
20170606160422123
20170606160423418
20170606160424502
20170606160426043
20170606160427544
20170606160428998
20170606160430372
20170606160431900
20170606160433259
20170606160434730
20170606160436185
20170606160437668
20170606160439191
20170606160440694
20170606160442205
20170606160443704
20170606160445094
20170606160446556
20170606160448079
20170606160449565
20170606160451076
20170606160452533
20170606160453831
20170606160454894
20170606160456296
20170606160457843
20170606160459382
20170606160500920
20170606160502383
20170606160503848
20170606160505386
20170606160506872
20170606160508371
20170606160509917
20170606160511359
20170606160512768
20170606160514146
20170606160515627
20170606160517066
20170606160518574
20170606160520139
20170606160521643
20170606160523138
20170606160524640
20170606160526047
20170606160527584
20170606160528912
20170606160530368
20170606160531880
20170606160533433
20170606160534941
20170606160536497
20170606160537928
20170606160539464
20170606160540942
20170606160542382
20170606160543884
20170606160545388
20170606160546928
20170606160548471
20170606160549946
20170606160551446
20170606160552977
20170606160554436
20170606160555858
20170606160557397
20170606160558577
20170606160559981
20170606160601413
20170606160602916
20170606160604338
20170606160605440
20170606160606890
20170606160608305
20170606160609431
20170606160610832
20170606160612310
20170606160613624
20170606160615061
20170606160616585
20170606160618149
20170606160619647
20170606160620915
20170606160622004
20170606160623401
20170606160624897
20170606160626382
20170606160627921
20170606160629388
20170606160630806
20170606160632231
20170606160633368
20170606160634821
20170606160636281
20170606160637479
20170606160638753
20170606160640012
20170606160641425
20170606160642992
20170606160644533
20170606160645977
20170606160647492
20170606160648989
20170606160650575
20170606160651932
20170606160653498
20170606160654921
20170606160656449
20170606160657943
20170606160659441
20170606160700952
20170606160702406
20170606160703542
20170606160704526
names.txt
20170606160705587
20170606160707111
20170606160708448
20170606160709887
20170606160711399
20170606160712881
20170606160714359
20170606160715864
20170606160717311
20170606160718883
20170606160720309
20170606160721715
20170606160723264
20170606160724756
20170606160726157
20170606160727301
20170606160728239
20170606160729174
20170606160730739
20170606160732242
20170606160733790
20170606160735343
20170606160736838
20170606160738112
20170606160739473
20170606160740846
20170606160742368
20170606160743874
20170606160745446
20170606160746949
20170606160748258
20170606160749720
20170606160750948
20170606160752407
20170606160753936
20170606160755355
20170606160756449
20170606160757837
20170606160759065
20170606160800596
20170606160802102
20170606160803533
20170606160804780
20170606160806152
20170606160807572
20170606160808985
20170606160810538
20170606160812065
20170606160813474
20170606160814959
20170606160816492
20170606160817731
20170606160819034
20170606160820480
20170606160821893
20170606160823437
20170606160824880
20170606160826393
20170606160827913
20170606160829419
20170606160830947
20170606160832237
20170606160833711
20170606160834975
20170606160836059
20170606160837478
20170606160838931
20170606160840409
20170606160841917
20170606160843381
20170606160844873
20170606160846454
20170606160848011
20170606160849415
20170606160850820
20170606160852060
20170606160853092
20170606160854391
20170606160855801
20170606160857315
20170606160858880
20170606160900411
20170606160901783
20170606160903203
20170606160904723
20170606160906086
20170606160907577
20170606160908887
20170606160910429
20170606160911900
20170606160913309
20170606160914815
20170606160916188
20170606160917616
20170606160919022
20170606160920163
20170606160921358
20170606160922892
20170606160924281
20170606160925442
20170606160926721
20170606160928079
20170606160929240
20170606160930404
20170606160931890
20170606160933400
20170606160934915
20170606160936468
20170606160937977
20170606160939488
20170606160941022
20170606160942452
20170606160943696
20170606160945172
20170606160946684
20170606160948167
20170606160949523
20170606160950985
20170606160952446
20170606160953948
20170606160955432
20170606160956977
20170606160958193
20170606160959578
20170606161001137
20170606161002396
20170606161003447
20170606161004366
20170606161005750
20170606161007289
20170606161008744
20170606161010088
20170606161011163
20170606161012582
20170606161014067
20170606161015555
20170606161017089
20170606161018500
20170606161019846
20170606161021277
20170606161022689
20170606161024186
20170606161025671
20170606161027072
20170606161028382
20170606161029684
20170606161031138
20170606161032687
20170606161034255
20170606161035643
20170606161037149
20170606161038506
20170606161039749
20170606161041183
20170606161042608
20170606161043854
20170606161045328
20170606161046672
20170606161048200
20170606161049688
20170606161051111
20170606161052539
20170606161054026
20170606161055473
20170606161056898
20170606161058367
20170606161059862
20170606161101029
20170606161102099
20170606161103662
20170606161105113
20170606161106571
20170606161108054
20170606161109570
20170606161110890
20170606161111975
20170606161113401
20170606161114907
20170606161116416
20170606161117867
20170606161119330
20170606161120627
20170606161122190
20170606161123651
20170606161125129
20170606161126642
20170606161128155
20170606161129714
20170606161131273
20170606161132755
20170606161134316
20170606161135797
20170606161137247
20170606161138684
20170606161140068
20170606161141505
20170606161143059
20170606161144594
20170606161145970
20170606161147532
20170606161149011
20170606161150489
20170606161151740
20170606161153152
20170606161154268
20170606161155658
20170606161156730
20170606161158205
20170606161159479
20170606161200641
20170606161202200
20170606161203613
20170606161205093
20170606161206569
20170606161208101
20170606161209657
20170606161211160
20170606161212608
20170606161214135
20170606161215513
20170606161217052
20170606161218541
20170606161219955
20170606161221383
20170606161222867
20170606161224319
20170606161225824
20170606161227270
20170606161228815
20170606161230317
20170606161231840
20170606161233343
20170606161234898
20170606161236377
20170606161237864
20170606161239390
20170606161240735
20170606161242242
20170606161243749
20170606161245267
20170606161246767
20170606161248285
20170606161249724
20170606161251153
20170606161252542
20170606161253789
20170606161255281
20170606161256798
20170606161258357
20170606161259815
20170606161301311
20170606161302815
20170606161304293
20170606161305779
20170606161307184
20170606161308502
20170606161309989
20170606161311464
20170606161312979
20170606161314433
20170606161315930
20170606161317432
20170606161318961
20170606161320449
20170606161321825
20170606161322963
20170606161324044
20170606161325357
20170606161326746
20170606161328277
20170606161329778
20170606161331270
20170606161332819
20170606161334243
20170606161335700
20170606161336931
20170606161338516
20170606161339860
20170606161341395
20170606161342857
20170606161344312
20170606161345858
20170606161347309
20170606161348743
20170606161350143
20170606161351629
20170606161353130
20170606161354407
20170606161355910
20170606161357430
20170606161358973
20170606161400502
20170606161402032
20170606161403404
20170606161404718
20170606161406242
20170606161407759
20170606161409261
20170606161410837
20170606161412175
20170606161413679
20170606161415177
20170606161416670
20170606161418093
20170606161419609
20170606161421016
20170606161422461
20170606161423916
20170606161425438
20170606161426972
20170606161428439
20170606161429924
20170606161431338
20170606161432680
20170606161434189
20170606161435687
20170606161437001
20170606161438414
20170606161439658
20170606161440753
20170606161442194
20170606161443654
20170606161445181
20170606161446720
20170606161448219
20170606161449662
20170606161451101
20170606161452577
20170606161453905
20170606161455347
20170606161456752
20170606161458261
20170606161459689
20170606161501188
20170606161502602
20170606161504116
20170606161505614
20170606161506852
20170606161508178
20170606161509717
20170606161511171
20170606161512667
20170606161514198
20170606161515669
20170606161517220
20170606161518631
20170606161520133
20170606161521610
20170606161523108
20170606161524584
20170606161526084
20170606161527584
20170606161528983
20170606161530521
20170606161531899
20170606161533422
20170606161534867
20170606161536223
20170606161537644
20170606161539173
20170606161540707
20170606161542206
20170606161543729
20170606161545223
20170606161546639
20170606161547773
20170606161548771
20170606161549696
20170606161551231
20170606161552398
20170606161553680
20170606161555127
20170606161556622
20170606161558065
20170606161559447
20170606161600813
20170606161602305
20170606161603777
20170606161605228
20170606161606779
20170606161608311
20170606161609832
20170606161611264
20170606161612753
20170606161614259
20170606161615798
20170606161617286
20170606161618860
20170606161620337
20170606161621732
20170606161623050
20170606161624542
20170606161626014
20170606161627534
20170606161629074
20170606161630496
20170606161631609
20170606161633076
20170606161634562
20170606161636038
20170606161637536
20170606161639035
20170606161640499
20170606161642066
20170606161643634
20170606161645118
20170606161646670
20170606161648121
20170606161649648
20170606161651101
20170606161652599
20170606161654072
20170606161655592
20170606161657140
20170606161658461
20170606161659848
20170606161701198
20170606161702373
20170606161703864
20170606161705153
20170606161706271
20170606161707748
20170606161709242
20170606161710798
20170606161712309
20170606161713859
20170606161715389
20170606161716884
20170606161718382
20170606161719593
20170606161721075
20170606161722412
20170606161723946
20170606161725399
20170606161726757
20170606161728224
20170606161729462
20170606161730922
20170606161732399
20170606161733778
20170606161735088
20170606161736488
20170606161737649
20170606161738957
20170606161740383
20170606161741929
20170606161743430
20170606161744954
20170606161746495
20170606161748049
20170606161749539
20170606161750790
20170606161752124
20170606161753550
20170606161755051
20170606161756602
20170606161758071
20170606161759599
20170606161801149
20170606161802680
20170606161804186
20170606161805638
20170606161807077
20170606161808388
20170606161809524
20170606161810525
20170606161812089
20170606161813447
20170606161814576
20170606161815975
20170606161817438
20170606161818887
20170606161820298
20170606161821755
20170606161823122
20170606161824542
20170606161826033
20170606161827562
20170606161829029
20170606161830400
20170606161831889
20170606161833410
20170606161834827
20170606161836293
20170606161837852
20170606161839084
20170606161840209
20170606161841757
20170606161843181
20170606161844689
20170606161846232
20170606161847728
20170606161849239
20170606161850749
20170606161852283
20170606161853707
20170606161855246
20170606161856756
20170606161858279
20170606161859824
20170606161901360
20170606161902782
20170606161904315
20170606161905810
20170606161907275
20170606161908844
20170606161910207
20170606161911713
20170606161913226
20170606161914733
20170606161916151
20170606161917600
20170606161919090
20170606161920554
20170606161921935
20170606161923428
20170606161924921
20170606161926392
20170606161927704
20170606161929165
20170606161930681
20170606161932220
20170606161933747
20170606161935170
20170606161936522
20170606161938040
20170606161939550
20170606161940904
20170606161942355
20170606161943882
20170606161945330
20170606161946718
20170606161947832
20170606161949179
20170606161950599
20170606161952126
20170606161953618
20170606161955098
20170606161956629
20170606161958135
20170606161959507
20170606162001037
20170606162002533
20170606162003959
20170606162005456
20170606162007002
20170606162008528
20170606162009874
20170606162011256
20170606162012513
20170606162013590
20170606162015014
20170606162016492
20170606162017904
20170606162019186
20170606162020538
20170606162021946
20170606162023122
20170606162024403
20170606162025896
20170606162027261
20170606162028760
20170606162030109
20170606162031578
20170606162033083
20170606162034620
20170606162036085
20170606162037562
20170606162038930
20170606162040193
20170606162041276
20170606162042297
20170606162043229
20170606162044638
20170606162046047
20170606162047533
20170606162048837
20170606162050381
20170606162051764
20170606162053205
20170606162054640
20170606162056025
20170606162057465
20170606162058776
20170606162100180
20170606162101670
20170606162103154
20170606162104599
20170606162106153
20170606162107540
20170606162109028
20170606162110524
20170606162111941
20170606162113432
20170606162114812
20170606162116330
20170606162117870
20170606162119307
20170606162120875
20170606162122344
names.txt
20170606162123845
20170606162125346
20170606162126776
20170606162128181
20170606162129564
20170606162130968
20170606162132452
20170606162133580
20170606162134621
20170606162135622
20170606162136887
20170606162138433
20170606162139935
20170606162141479
20170606162143026
20170606162144377
20170606162145680
20170606162147171
20170606162148669
20170606162150092
20170606162151653
20170606162152953
20170606162154033
20170606162155426
20170606162156943
20170606162158495
20170606162159993
20170606162201403
20170606162202893
20170606162204316
20170606162205726
20170606162206976
20170606162208468
20170606162209993
20170606162211547
20170606162213033
20170606162214232
20170606162215443
20170606162216913
20170606162218387
20170606162219876
20170606162221309
20170606162222717
20170606162224272
20170606162225689
20170606162227129
20170606162228696
20170606162230027
20170606162231098
20170606162232030
20170606162233167
20170606162234489
20170606162235897
20170606162237427
20170606162238864
20170606162240275
20170606162241573
20170606162243080
20170606162244603
20170606162246017
20170606162247455
20170606162248879
20170606162250348
20170606162251836
20170606162253329
20170606162254773
20170606162256112
20170606162257400
20170606162258857
20170606162300318
20170606162301623
20170606162303089
20170606162304605
20170606162306105
20170606162307577
20170606162309093
20170606162310613
20170606162312104
20170606162313441
20170606162314950
20170606162316425
20170606162317955
20170606162319368
20170606162320836
20170606162322224
20170606162323752
20170606162325270
20170606162326652
20170606162328110
20170606162329603
20170606162331028
20170606162332531
20170606162333998
20170606162335446
20170606162336909
20170606162338398
20170606162339724
20170606162341194
20170606162342402
20170606162343858
20170606162345264
20170606162346556
20170606162348082
20170606162349551
20170606162351048
20170606162352451
20170606162353903
20170606162355458
20170606162356858
20170606162358363
20170606162359786
20170606162401085
20170606162402480
20170606162403929
20170606162405437
20170606162406846
20170606162408303
20170606162409850
20170606162411356
20170606162412896
20170606162414349
20170606162415819
20170606162417232
20170606162418756
20170606162420278
20170606162421706
20170606162423145
20170606162424661
20170606162426187
20170606162427668
20170606162429139
20170606162430664
20170606162432160
20170606162433659
20170606162435204
20170606162436698
names.txt
