photos
20170609085159207
20170609085200713
20170609085202171
20170609085203578
20170609085204952
20170609085206405
20170609085207887
20170609085209324
20170609085210775
20170609085212282
20170609085213791
20170609085215131
20170609085216608
20170609085217974
20170609085219486
20170609085220947
20170609085222376
20170609085223836
20170609085225333
20170609085226758
20170609085228314
20170609085229813
20170609085231196
20170609085232310
20170609085233769
20170609085235263
20170609085236836
20170609085238320
20170609085239714
20170609085241162
20170609085242620
20170609085244141
20170609085245638
20170609085247182
20170609085248733
20170609085250164
20170609085251545
20170609085252990
20170609085254509
20170609085256065
20170609085257543
20170609085258949
20170609085300496
20170609085301971
20170609085303390
20170609085304927
20170609085306456
20170609085307949
20170609085309318
20170609085310778
20170609085312252
20170609085313716
20170609085315261
20170609085316726
20170609085318099
20170609085319575
20170609085320966
20170609085322297
20170609085323749
20170609085325271
20170609085326740
20170609085328194
20170609085329498
20170609085330741
20170609085332082
20170609085333582
20170609085334991
20170609085336469
20170609085337975
20170609085339314
20170609085340775
20170609085342261
20170609085343722
20170609085345300
20170609085346804
20170609085348261
20170609085349725
20170609085351136
20170609085352598
20170609085353938
20170609085355350
20170609085356831
20170609085358329
20170609085359730
20170609085401203
20170609085402711
20170609085404090
20170609085405481
20170609085407006
20170609085408484
20170609085410025
20170609085411540
20170609085412993
20170609085414457
20170609085415977
20170609085417318
20170609085418481
20170609085419904
20170609085421341
20170609085422850
20170609085424102
20170609085425564
20170609085426986
20170609085428503
20170609085429975
20170609085431450
20170609085432893
20170609085434327
20170609085435829
20170609085437244
20170609085438780
20170609085440311
20170609085441869
20170609085443247
20170609085444803
20170609085446128
20170609085447602
20170609085449064
names
20170609085450484
20170609085452034
20170609085453414
20170609085454944
20170609085456389
20170609085457840
20170609085459351
20170609085500851
20170609085502318
20170609085503793
20170609085505290
20170609085506772
20170609085508262
20170609085509747
20170609085511299
20170609085512630
20170609085513699
20170609085515046
20170609085516508
20170609085517991
20170609085519423
20170609085520959
20170609085522442
20170609085523929
20170609085525352
20170609085526803
20170609085528339
20170609085529687
20170609085531201
20170609085532635
20170609085534082
20170609085535562
20170609085537063
20170609085538621
20170609085540129
20170609085541610
20170609085543088
20170609085544622
20170609085546108
20170609085547588
20170609085549041
20170609085550573
20170609085552086
20170609085553524
20170609085554981
20170609085556466
20170609085557942
20170609085559371
20170609085600828
20170609085602136
20170609085603676
20170609085605197
20170609085606736
20170609085608215
20170609085609694
20170609085611029
20170609085612476
20170609085613986
20170609085615362
20170609085616824
20170609085618346
20170609085619828
20170609085621219
20170609085622506
20170609085623954
20170609085625184
20170609085626607
20170609085628095
20170609085629503
20170609085630931
20170609085632408
20170609085633941
20170609085635409
20170609085636931
20170609085638391
20170609085639924
20170609085641396
20170609085642889
20170609085644362
20170609085645667
20170609085647058
20170609085648479
20170609085649971
20170609085651476
20170609085652914
20170609085654152
20170609085655675
20170609085657096
20170609085658634
20170609085700110
20170609085701579
20170609085703073
20170609085704466
20170609085705772
20170609085707277
20170609085708727
20170609085710281
20170609085711806
20170609085713310
20170609085714809
20170609085716297
20170609085717762
20170609085719187
20170609085720432
20170609085721937
20170609085723415
20170609085724951
20170609085726456
20170609085727930
20170609085729428
20170609085730942
20170609085732315
20170609085733728
20170609085735249
20170609085736781
20170609085738305
20170609085739781
20170609085741269
20170609085742666
20170609085744141
20170609085745644
20170609085746977
20170609085748162
20170609085749634
20170609085751100
20170609085752578
20170609085754082
20170609085755607
20170609085757099
20170609085758620
20170609085800098
20170609085801570
20170609085802760
20170609085803802
20170609085805212
20170609085806622
20170609085808104
20170609085809515
20170609085810963
20170609085812505
20170609085814055
20170609085815541
20170609085817016
20170609085818541
20170609085819970
20170609085821426
20170609085822833
20170609085824307
20170609085825784
20170609085827301
20170609085828807
20170609085830305
20170609085831806
20170609085833244
20170609085834730
20170609085836269
20170609085837787
20170609085839244
20170609085840702
20170609085842178
20170609085843627
20170609085845134
20170609085846609
20170609085848093
20170609085849617
20170609085851024
20170609085852542
20170609085854017
20170609085855574
20170609085857107
20170609085858594
20170609085859936
20170609085901372
20170609085902733
20170609085904214
20170609085905642
20170609085907126
20170609085908512
20170609085909886
20170609085911399
20170609085912876
20170609085914418
20170609085915836
20170609085917353
20170609085918857
20170609085920408
20170609085921897
20170609085923264
20170609085924783
20170609085926287
20170609085927752
20170609085929084
20170609085930502
20170609085931987
20170609085933294
20170609085934855
20170609085936353
20170609085937864
20170609085939097
20170609085940495
20170609085941970
20170609085943460
20170609085944955
20170609085946469
20170609085947904
20170609085949364
20170609085950760
20170609085952159
20170609085953597
20170609085955134
20170609085956652
20170609085958033
20170609085959545
20170609090000889
20170609090002375
20170609090003924
20170609090005330
20170609090006819
20170609090008253
20170609090009689
20170609090011071
20170609090012327
20170609090013875
20170609090015245
20170609090016590
20170609090018042
20170609090019468
20170609090021011
20170609090022460
20170609090023946
20170609090025473
20170609090026756
20170609090028103
20170609090029453
20170609090030952
20170609090032452
20170609090034003
20170609090035419
20170609090036886
20170609090038407
20170609090039812
20170609090041371
20170609090042871
20170609090044418
20170609090045883
20170609090047343
20170609090048796
20170609090050140
20170609090051675
20170609090053230
20170609090054741
20170609090056194
20170609090057716
20170609090058956
20170609090100434
20170609090101928
20170609090103250
20170609090104774
20170609090106224
20170609090107734
20170609090109106
20170609090110599
20170609090112132
20170609090113674
20170609090115085
20170609090116581
20170609090117999
20170609090119187
20170609090120605
20170609090122135
20170609090123633
20170609090125151
20170609090126529
20170609090128079
20170609090129554
20170609090131070
20170609090132563
20170609090134090
20170609090135612
20170609090137067
20170609090138596
20170609090140049
20170609090141555
20170609090143029
20170609090144577
20170609090146140
20170609090147560
20170609090149087
20170609090150537
20170609090152033
20170609090153454
20170609090154915
20170609090156307
20170609090157797
20170609090159249
20170609090200657
20170609090202145
20170609090203491
20170609090204991
20170609090206359
20170609090207684
20170609090209124
20170609090210638
20170609090211956
20170609090213359
20170609090214879
20170609090216354
20170609090217888
20170609090219363
20170609090220661
20170609090222102
20170609090223619
20170609090225100
20170609090226532
20170609090228007
20170609090229545
20170609090231069
20170609090232554
20170609090234009
20170609090235194
20170609090236259
20170609090237616
20170609090238999
20170609090240412
20170609090241814
20170609090243144
20170609090244551
20170609090246026
20170609090247539
20170609090248983
20170609090250420
20170609090251830
20170609090253286
20170609090254765
20170609090256318
20170609090257869
20170609090259398
20170609090300903
20170609090302429
20170609090303876
20170609090305320
20170609090306844
20170609090308276
20170609090309834
20170609090311333
20170609090312757
20170609090314211
20170609090315691
20170609090317258
20170609090318744
20170609090320220
20170609090321627
20170609090322900
20170609090324418
20170609090325884
20170609090327333
20170609090328857
20170609090330299
20170609090331800
20170609090333161
20170609090334663
20170609090336026
20170609090337308
20170609090338876
20170609090340385
20170609090341839
20170609090343339
20170609090344793
20170609090345985
20170609090347449
20170609090348914
20170609090350390
20170609090351742
20170609090353301
20170609090354828
20170609090356341
20170609090357857
20170609090359335
20170609090400810
20170609090401931
20170609090403241
20170609090404722
20170609090406096
20170609090407567
20170609090409062
20170609090410383
20170609090411762
20170609090413126
20170609090414622
20170609090416138
20170609090417614
20170609090418953
20170609090420481
20170609090421893
20170609090423279
20170609090424623
20170609090426081
20170609090427428
20170609090428614
20170609090430043
20170609090431555
20170609090432984
20170609090434406
20170609090435957
20170609090437396
20170609090438951
20170609090440356
20170609090441804
20170609090443285
20170609090444831
20170609090446304
20170609090447828
20170609090449352
20170609090450782
20170609090452253
20170609090453689
20170609090455117
20170609090456547
20170609090458077
20170609090459513
20170609090500921
20170609090502424
20170609090503909
20170609090505232
20170609090506724
20170609090508259
20170609090509808
20170609090511279
20170609090512821
20170609090514334
20170609090515858
20170609090517290
20170609090518838
20170609090520246
20170609090521721
20170609090523140
20170609090524648
20170609090526069
20170609090527544
20170609090529014
20170609090530489
20170609090531992
20170609090533460
20170609090534749
20170609090536177
20170609090537760
20170609090539256
20170609090540769
20170609090542285
20170609090543761
20170609090545282
20170609090546679
20170609090548141
20170609090549454
20170609090550930
20170609090552408
20170609090553842
20170609090555237
20170609090556513
20170609090557944
20170609090559422
20170609090600767
20170609090602202
20170609090603708
20170609090605234
20170609090606636
20170609090608077
20170609090609473
20170609090610719
20170609090612266
20170609090613713
20170609090615084
20170609090616547
20170609090617861
20170609090619318
20170609090620702
20170609090622200
20170609090623740
20170609090625222
20170609090626648
20170609090628203
20170609090629597
20170609090631030
20170609090632520
20170609090634012
20170609090635486
20170609090636978
20170609090638257
20170609090639742
20170609090641230
20170609090642765
20170609090644216
20170609090645699
20170609090647196
20170609090648710
20170609090650161
20170609090651678
20170609090653297
20170609090654603
20170609090656161
20170609090657656
20170609090659161
20170609090700635
20170609090701840
20170609090703245
20170609090704742
20170609090706248
20170609090707780
20170609090709356
20170609090710969
20170609090712489
20170609090713967
20170609090715420
20170609090716767
20170609090718252
20170609090719851
20170609090721382
20170609090722919
20170609090724446
20170609090725885
20170609090727329
20170609090728830
20170609090730192
20170609090731369
20170609090732742
20170609090734356
20170609090735854
20170609090737392
20170609090738920
20170609090740450
20170609090741997
20170609090743552
20170609090745032
20170609090746547
20170609090748081
20170609090749545
20170609090751043
20170609090752589
20170609090754052
20170609090755501
20170609090756915
20170609090758065
20170609090759461
20170609090800962
20170609090802394
20170609090803929
20170609090805184
20170609090806409
20170609090807922
20170609090809520
20170609090810970
20170609090812453
20170609090813764
20170609090815244
20170609090816764
20170609090818272
20170609090819825
20170609090821281
20170609090822543
20170609090824113
20170609090825564
20170609090827116
20170609090828685
20170609090830104
20170609090831592
20170609090833099
20170609090834553
20170609090836049
20170609090837619
20170609090839088
20170609090840509
20170609090842006
20170609090843349
20170609090844811
20170609090846228
20170609090847752
20170609090849305
20170609090850679
20170609090852259
20170609090853622
20170609090854962
20170609090856250
20170609090857407
20170609090858542
20170609090859988
20170609090901389
20170609090902821
20170609090904252
20170609090905759
20170609090907320
20170609090908819
20170609090910340
20170609090911886
20170609090913374
20170609090914783
20170609090916331
20170609090917820
20170609090919357
20170609090920778
20170609090922139
names
namesC
20170609090923490
20170609090924953
20170609090926341
20170609090927896
20170609090929394
20170609090930872
20170609090932297
20170609090933852
20170609090935392
20170609090936915
20170609090938317
20170609090939724
20170609090941119
20170609090942453
20170609090943825
20170609090945303
20170609090946829
20170609090948283
20170609090949736
20170609090951235
20170609090952767
20170609090954268
20170609090955713
20170609090957164
20170609090958455
20170609090959878
20170609091001440
20170609091003011
20170609091004574
20170609091006078
20170609091007652
20170609091009174
20170609091010482
20170609091012009
20170609091013384
20170609091014789
20170609091016345
20170609091017865
20170609091019257
20170609091020766
20170609091022241
20170609091023691
20170609091024984
20170609091026162
20170609091027599
20170609091029156
20170609091030587
20170609091031956
20170609091033520
20170609091035015
20170609091036342
20170609091037512
20170609091038961
20170609091040464
20170609091041891
20170609091043454
20170609091044684
20170609091046154
20170609091047680
20170609091049097
20170609091050626
20170609091052042
20170609091053543
20170609091055073
20170609091056559
20170609091058096
20170609091059590
20170609091101072
20170609091102499
20170609091103943
20170609091105372
20170609091106791
20170609091107983
20170609091108931
20170609091109760
20170609091110936
20170609091112418
20170609091113946
20170609091115280
20170609091116794
20170609091118292
20170609091119869
20170609091121303
20170609091122848
20170609091124315
20170609091125750
20170609091127299
20170609091128783
20170609091130323
20170609091131877
20170609091133402
20170609091134834
20170609091136323
20170609091137849
20170609091139291
20170609091140845
20170609091142428
20170609091143930
20170609091145481
20170609091146874
20170609091148472
20170609091150074
20170609091151528
20170609091153007
20170609091154550
20170609091156073
20170609091157572
20170609091159053
20170609091200611
20170609091202019
20170609091203463
20170609091204906
20170609091206403
20170609091207961
20170609091209499
20170609091211023
20170609091212512
20170609091214071
20170609091215555
20170609091216990
20170609091218456
20170609091219810
20170609091221318
20170609091222755
20170609091224258
20170609091225759
20170609091227211
20170609091228770
20170609091230166
20170609091231347
20170609091232824
20170609091234357
20170609091235860
20170609091237377
20170609091238937
20170609091240490
20170609091241993
20170609091243344
20170609091244869
20170609091246216
20170609091247757
20170609091249234
20170609091250533
20170609091252014
20170609091253337
20170609091254869
20170609091256262
20170609091257594
20170609091259147
20170609091300663
20170609091302226
20170609091303744
20170609091305302
20170609091306791
20170609091308281
20170609091309792
20170609091311267
20170609091312835
20170609091314132
20170609091315553
20170609091317094
20170609091318624
20170609091320208
20170609091321657
20170609091323164
20170609091324701
20170609091326255
20170609091327775
20170609091329309
20170609091330762
20170609091332174
20170609091333683
20170609091335207
20170609091336711
20170609091338306
20170609091339840
20170609091341383
20170609091342882
20170609091344414
20170609091345888
20170609091347368
20170609091348817
20170609091350284
20170609091351865
20170609091353402
20170609091354916
20170609091356420
20170609091357750
20170609091359227
20170609091400742
20170609091402300
20170609091403834
20170609091405201
20170609091406680
20170609091408257
20170609091409633
20170609091411190
20170609091412645
20170609091414116
20170609091415623
20170609091417186
20170609091418749
20170609091420258
20170609091421780
20170609091423250
20170609091424777
20170609091426227
20170609091427365
20170609091428418
20170609091429573
20170609091430998
20170609091432146
20170609091433422
20170609091434839
20170609091436276
20170609091437832
20170609091439375
20170609091440914
20170609091442354
20170609091443891
20170609091445375
20170609091446917
20170609091448420
20170609091449939
20170609091451336
20170609091452753
20170609091454052
20170609091455502
20170609091457056
20170609091458525
20170609091500057
20170609091501588
20170609091503149
20170609091504623
20170609091506106
20170609091507614
20170609091508759
20170609091510281
20170609091511810
20170609091513307
20170609091514877
20170609091516370
20170609091517899
20170609091519283
20170609091520472
20170609091522035
20170609091523557
20170609091525057
20170609091526530
20170609091528093
20170609091529605
20170609091531109
20170609091532554
20170609091533969
20170609091535522
20170609091537060
20170609091538581
20170609091540126
20170609091541605
20170609091543022
20170609091544512
20170609091546072
20170609091547627
20170609091549029
20170609091550307
20170609091551773
20170609091553277
20170609091554749
20170609091556233
20170609091557739
20170609091559218
20170609091600790
20170609091602333
20170609091603889
20170609091605374
20170609091606929
20170609091608466
20170609091609962
20170609091611520
20170609091612902
20170609091614470
20170609091616023
20170609091617485
20170609091618976
20170609091620501
20170609091622086
20170609091623519
20170609091625022
20170609091626447
20170609091627968
20170609091629322
20170609091630897
20170609091632348
20170609091633887
20170609091635257
20170609091636753
20170609091638277
20170609091639868
20170609091641215
20170609091642740
20170609091644251
20170609091645762
20170609091647097
20170609091648612
20170609091650138
20170609091651674
20170609091653082
20170609091654578
20170609091656125
20170609091657626
20170609091659148
20170609091700710
20170609091702171
20170609091703488
20170609091704966
20170609091706531
20170609091707875
20170609091709370
20170609091710858
20170609091712416
20170609091713923
20170609091715266
20170609091716684
20170609091718206
20170609091719516
20170609091721068
20170609091722371
20170609091723865
20170609091725320
20170609091726744
20170609091728200
20170609091729744
20170609091731312
20170609091732842
20170609091734236
20170609091735336
20170609091736850
20170609091738373
20170609091739911
20170609091741175
20170609091742651
20170609091744135
20170609091745666
20170609091747027
20170609091748523
20170609091750004
20170609091751244
20170609091752654
20170609091754136
20170609091755675
20170609091757146
20170609091758650
20170609091800160
20170609091801725
20170609091803253
20170609091804743
20170609091806135
20170609091807638
20170609091809059
20170609091810510
20170609091812062
20170609091813590
20170609091815151
20170609091816547
20170609091817845
20170609091819335
20170609091820885
20170609091822230
20170609091823697
20170609091825162
20170609091826669
20170609091828221
20170609091829676
20170609091831243
20170609091832712
20170609091834111
20170609091835594
20170609091837167
20170609091838624
20170609091840004
20170609091841407
20170609091842853
20170609091844347
20170609091845899
20170609091847352
20170609091848890
20170609091850441
20170609091851880
20170609091853046
20170609091854461
20170609091855918
20170609091857037
20170609091858016
20170609091859428
20170609091900604
20170609091901813
20170609091903382
20170609091904909
20170609091906459
20170609091908038
20170609091909572
20170609091911081
20170609091912543
20170609091913847
20170609091915242
20170609091916620
20170609091918134
20170609091919570
20170609091920981
20170609091922044
20170609091923519
20170609091924899
20170609091926065
20170609091927588
20170609091928994
20170609091930483
20170609091931614
20170609091933066
20170609091934252
20170609091935812
20170609091937369
20170609091938975
20170609091940443
20170609091941965
20170609091943468
20170609091944953
20170609091946454
20170609091947934
20170609091949321
20170609091950878
20170609091952414
20170609091953891
20170609091955316
20170609091956569
20170609091958083
20170609091959595
20170609092001015
20170609092002294
20170609092003802
20170609092005225
20170609092006553
20170609092008061
20170609092009495
20170609092010988
20170609092012268
20170609092013613
20170609092014962
20170609092016441
20170609092017675
20170609092019202
20170609092020725
20170609092022253
20170609092023781
20170609092025274
20170609092026746
20170609092028298
20170609092029874
20170609092031311
20170609092032633
20170609092034108
20170609092035612
20170609092037148
20170609092038739
20170609092040243
20170609092041743
20170609092043266
20170609092044752
20170609092046211
20170609092047754
20170609092049163
20170609092050725
20170609092052240
20170609092053642
20170609092055042
20170609092056492
20170609092057878
20170609092059378
20170609092100742
20170609092102312
20170609092103822
20170609092104999
20170609092106497
20170609092108091
20170609092109604
20170609092111096
20170609092112605
20170609092113829
20170609092115291
20170609092116593
20170609092117920
20170609092119282
20170609092120737
20170609092122099
20170609092123596
20170609092124870
20170609092126341
20170609092127764
20170609092129061
20170609092130357
20170609092131851
20170609092133266
20170609092134726
20170609092136123
20170609092137684
20170609092139187
20170609092140649
20170609092142190
20170609092143690
20170609092145193
20170609092146611
20170609092148077
20170609092149628
20170609092151090
20170609092152512
20170609092153950
20170609092155433
20170609092156858
20170609092158400
20170609092159769
20170609092201322
20170609092202890
20170609092204398
20170609092205903
20170609092207464
20170609092208960
20170609092210462
20170609092211770
20170609092213153
20170609092214655
20170609092216155
20170609092217693
20170609092219246
20170609092220797
20170609092222305
20170609092223813
20170609092225323
20170609092226854
20170609092228349
20170609092229601
20170609092231093
20170609092232538
20170609092234073
20170609092235542
20170609092237061
20170609092238603
20170609092240151
20170609092241606
20170609092242854
20170609092244016
20170609092245522
20170609092247089
20170609092248623
20170609092250143
20170609092251674
20170609092253116
20170609092254571
20170609092255903
20170609092257376
20170609092258902
20170609092300406
20170609092301774
20170609092303286
20170609092304818
20170609092306170
20170609092307225
20170609092308201
20170609092309682
20170609092311140
20170609092312701
20170609092314083
20170609092315573
20170609092317033
20170609092318295
20170609092319875
20170609092321424
20170609092322937
20170609092324376
20170609092325628
20170609092326952
20170609092328285
20170609092329726
20170609092331310
20170609092332855
20170609092334278
20170609092335788
20170609092337298
20170609092338847
20170609092340365
20170609092341854
20170609092343383
20170609092344838
20170609092346375
20170609092347832
20170609092349371
20170609092350894
20170609092352399
20170609092353905
20170609092355364
20170609092356507
20170609092357996
names
namesC
20170609092359423
20170609092400912
20170609092402413
20170609092403966
20170609092405483
20170609092406944
20170609092408322
20170609092409826
20170609092411248
20170609092412386
20170609092413929
20170609092415330
20170609092416478
20170609092417436
20170609092418940
20170609092420425
20170609092421881
20170609092423384
20170609092424933
20170609092426385
20170609092427900
20170609092429361
20170609092430865
20170609092432360
20170609092433856
20170609092435088
20170609092436363
20170609092437934
20170609092439472
20170609092440921
20170609092442443
20170609092443932
20170609092445077
20170609092446465
20170609092448036
20170609092449320
20170609092450518
20170609092451918
20170609092453331
20170609092454846
20170609092456385
20170609092457950
20170609092459305
20170609092500802
20170609092502268
20170609092503804
20170609092505213
20170609092506629
20170609092508018
20170609092509220
20170609092510530
20170609092512068
20170609092513601
20170609092515161
20170609092516550
20170609092518058
20170609092519494
20170609092520980
20170609092522412
20170609092523737
20170609092525212
20170609092526597
20170609092528030
20170609092529445
20170609092530613
20170609092531872
20170609092533268
20170609092534749
20170609092536206
20170609092537744
20170609092539266
20170609092540808
20170609092542252
20170609092543724
20170609092545259
20170609092546741
20170609092548297
20170609092549750
20170609092551246
20170609092552677
20170609092554174
20170609092555484
20170609092556950
20170609092558490
20170609092559953
20170609092601431
20170609092602884
20170609092604179
20170609092605689
20170609092606958
20170609092608425
20170609092609754
20170609092610895
20170609092612248
20170609092613791
20170609092615070
20170609092616212
20170609092617712
20170609092619265
20170609092620827
20170609092622296
20170609092623714
20170609092624820
20170609092625974
20170609092627452
20170609092628927
20170609092630385
20170609092631870
20170609092633296
20170609092634777
20170609092636132
20170609092637718
20170609092639211
20170609092640632
20170609092642133
20170609092643672
20170609092645201
20170609092646684
20170609092648180
20170609092649739
20170609092651300
20170609092652670
20170609092654221
20170609092655718
20170609092657223
20170609092658766
20170609092700104
20170609092701454
20170609092702960
20170609092704523
20170609092705922
20170609092707173
20170609092708674
20170609092710099
20170609092711517
20170609092712662
20170609092714194
20170609092715585
20170609092717039
20170609092718534
20170609092720129
20170609092721630
20170609092723035
20170609092724458
20170609092726014
20170609092727340
20170609092728630
20170609092729690
20170609092731158
20170609092732723
20170609092734294
20170609092735853
20170609092737369
20170609092738998
20170609092740370
20170609092741899
20170609092743396
20170609092744985
20170609092746452
20170609092747848
20170609092749382
20170609092750787
20170609092752110
20170609092753618
20170609092755204
20170609092756715
20170609092758154
20170609092759638
20170609092801049
20170609092802323
20170609092803515
20170609092805050
20170609092806576
20170609092808084
20170609092809516
20170609092810997
20170609092812541
20170609092813918
20170609092815179
20170609092816557
20170609092818070
20170609092819558
20170609092821076
20170609092822553
20170609092824081
20170609092825615
20170609092827106
20170609092828589
20170609092830107
20170609092831491
20170609092833045
20170609092834538
20170609092836076
20170609092837623
20170609092839136
20170609092840676
20170609092842155
20170609092843722
20170609092845251
20170609092846738
20170609092848328
20170609092849842
20170609092851410
20170609092852954
20170609092854444
20170609092855884
20170609092857473
20170609092858996
20170609092900503
20170609092902096
20170609092903633
20170609092905215
20170609092906728
20170609092908170
20170609092909607
20170609092911117
20170609092912537
20170609092914113
20170609092915644
20170609092917192
20170609092918661
20170609092920211
20170609092921732
20170609092923215
20170609092924710
20170609092926194
20170609092927701
20170609092929285
20170609092930805
20170609092932397
20170609092933902
20170609092935435
20170609092936807
20170609092938284
20170609092939861
20170609092941385
20170609092942868
20170609092944197
20170609092945517
20170609092947076
20170609092948568
20170609092950079
20170609092951423
20170609092952705
20170609092953798
20170609092954926
20170609092956297
20170609092957793
20170609092959298
20170609093000857
20170609093002311
20170609093003795
20170609093005305
20170609093006662
20170609093008200
20170609093009691
20170609093011217
20170609093012806
20170609093014296
20170609093015822
20170609093017431
20170609093019001
20170609093020530
20170609093022091
20170609093023574
20170609093025062
20170609093026624
20170609093028142
20170609093029543
20170609093031041
20170609093032569
20170609093033977
20170609093035425
20170609093036953
20170609093038305
20170609093039810
20170609093041371
20170609093042891
20170609093044451
20170609093045843
20170609093047280
20170609093048811
20170609093050325
20170609093051835
20170609093053369
20170609093054906
20170609093056368
20170609093057879
20170609093059459
20170609093100979
20170609093102350
20170609093103765
20170609093105220
20170609093106762
20170609093108150
20170609093109636
20170609093111160
20170609093112685
20170609093114196
20170609093115706
20170609093117205
20170609093118607
20170609093120028
20170609093121528
20170609093122788
20170609093124191
20170609093125366
20170609093126556
20170609093127962
20170609093129409
20170609093130731
20170609093132261
20170609093133693
20170609093135252
20170609093136770
20170609093138314
20170609093139875
20170609093141379
20170609093142809
20170609093144312
20170609093145751
20170609093147161
20170609093148660
20170609093150152
20170609093151558
20170609093152969
20170609093154452
20170609093155950
20170609093157322
20170609093158818
20170609093200351
20170609093201888
20170609093203432
20170609093204710
20170609093206152
20170609093207651
20170609093209187
20170609093210748
20170609093212280
20170609093213814
20170609093215312
20170609093216730
20170609093218139
20170609093219594
20170609093220737
20170609093222153
20170609093223454
20170609093224908
20170609093226381
20170609093227879
20170609093229387
20170609093230881
20170609093232408
20170609093233772
20170609093235310
20170609093236869
20170609093238401
20170609093239673
20170609093241161
20170609093242707
20170609093244091
20170609093245282
20170609093246812
20170609093248305
20170609093249722
20170609093251158
20170609093252658
20170609093254141
20170609093255653
20170609093257158
20170609093258669
20170609093300139
20170609093301237
20170609093302624
20170609093303955
20170609093305469
20170609093306968
20170609093308510
20170609093310064
20170609093311406
20170609093312951
20170609093314454
20170609093315948
20170609093317377
20170609093318678
20170609093320121
20170609093321669
20170609093323176
20170609093324616
20170609093326126
20170609093327677
20170609093329055
20170609093330552
20170609093332115
20170609093333618
20170609093335049
20170609093336540
20170609093338077
20170609093339584
20170609093341002
20170609093342140
20170609093343138
20170609093344663
20170609093346186
20170609093347749
20170609093349268
20170609093350743
20170609093352224
20170609093353682
20170609093355142
20170609093356599
20170609093357965
20170609093359373
20170609093400835
20170609093402321
20170609093403778
20170609093405286
20170609093406777
20170609093408277
20170609093409641
20170609093410773
20170609093412242
20170609093413669
20170609093414863
20170609093416384
20170609093417814
20170609093419326
20170609093420912
20170609093422392
20170609093423949
20170609093425520
20170609093426977
20170609093428494
20170609093430060
20170609093431521
20170609093433025
20170609093434527
20170609093435763
20170609093436879
20170609093438461
20170609093440044
20170609093441516
20170609093442994
20170609093444459
20170609093445910
20170609093447344
20170609093448781
20170609093450155
20170609093451301
20170609093452871
20170609093454404
20170609093455832
20170609093456974
20170609093458513
20170609093500075
20170609093501601
20170609093503128
20170609093504644
20170609093506060
20170609093507602
20170609093508988
20170609093510282
20170609093511700
20170609093513108
20170609093514606
20170609093516092
20170609093517606
20170609093519172
20170609093520736
20170609093522295
20170609093523760
20170609093525253
20170609093526418
20170609093527419
20170609093528563
20170609093529931
20170609093531153
20170609093532635
20170609093534064
20170609093535297
20170609093536809
20170609093538397
20170609093539919
20170609093541400
20170609093542858
20170609093544353
20170609093545682
20170609093547083
20170609093548617
20170609093550202
20170609093551628
20170609093552751
20170609093554323
20170609093555852
20170609093557258
20170609093558740
20170609093600238
20170609093601473
20170609093602911
20170609093604265
20170609093605840
20170609093607329
20170609093608891
20170609093610349
20170609093611840
20170609093613272
20170609093614736
20170609093616031
20170609093617439
20170609093618926
20170609093620384
20170609093621920
20170609093623468
20170609093624970
20170609093626473
20170609093627853
20170609093629302
20170609093630844
20170609093632326
20170609093633904
20170609093635410
20170609093636961
20170609093638498
20170609093640038
20170609093641549
20170609093642903
20170609093644428
20170609093645896
20170609093647452
20170609093648914
20170609093650469
20170609093651979
20170609093653423
20170609093654930
20170609093656449
20170609093657864
20170609093659146
20170609093700679
20170609093702147
20170609093703565
20170609093705092
20170609093706629
20170609093708106
20170609093709549
20170609093711080
20170609093712603
20170609093714084
20170609093715544
20170609093717097
20170609093718608
20170609093719991
20170609093721302
20170609093722711
20170609093724222
20170609093725605
20170609093727029
20170609093728385
20170609093729594
20170609093731017
20170609093732158
20170609093733406
20170609093734649
20170609093736016
20170609093737588
20170609093739089
20170609093740586
20170609093742063
20170609093743480
20170609093744768
20170609093746332
20170609093747708
20170609093749195
20170609093750542
20170609093752004
20170609093753509
20170609093754853
20170609093756265
20170609093757825
20170609093759385
20170609093800869
20170609093802469
20170609093804020
20170609093805564
20170609093807028
20170609093808447
20170609093809952
20170609093811423
20170609093812600
20170609093813781
20170609093815309
20170609093816839
20170609093818319
20170609093819820
20170609093821328
20170609093822885
20170609093824394
20170609093825906
20170609093827347
20170609093828830
20170609093830069
names
namesC
20170609093831536
20170609093833058
20170609093834356
20170609093835835
20170609093837395
20170609093838916
20170609093840445
20170609093841953
20170609093843379
20170609093844855
20170609093846150
20170609093847763
20170609093849191
20170609093850452
20170609093851939
20170609093853418
20170609093854918
20170609093856395
20170609093857983
20170609093859463
20170609093900975
20170609093902532
20170609093903725
20170609093905243
20170609093906715
20170609093908094
20170609093909558
20170609093911049
20170609093912553
20170609093914009
20170609093915392
20170609093916949
20170609093918388
20170609093919856
20170609093921389
20170609093922883
20170609093924150
20170609093925602
20170609093927133
20170609093928629
20170609093929999
20170609093931380
20170609093932689
20170609093933995
20170609093935171
20170609093936570
20170609093937965
20170609093939380
20170609093940887
20170609093942372
20170609093943897
20170609093945448
20170609093946837
20170609093948264
20170609093949770
20170609093951261
20170609093952764
20170609093954147
20170609093955596
20170609093957014
20170609093958227
20170609093959709
20170609094001037
20170609094002123
20170609094003566
20170609094005069
20170609094006576
20170609094008028
20170609094009439
20170609094010919
20170609094012481
20170609094014011
20170609094015484
20170609094016928
20170609094018170
20170609094019617
20170609094021169
20170609094022619
20170609094024127
20170609094025713
20170609094027044
20170609094028604
20170609094029982
20170609094031335
20170609094032751
20170609094034043
20170609094035482
20170609094036862
20170609094038432
20170609094039911
20170609094041390
20170609094042802
20170609094044303
20170609094045880
20170609094047382
20170609094048732
20170609094050311
20170609094051796
20170609094053302
20170609094054685
20170609094056102
20170609094057661
20170609094059162
20170609094100692
20170609094102085
20170609094103592
20170609094105026
20170609094106522
20170609094108077
20170609094109436
20170609094110604
20170609094111708
20170609094113185
20170609094114711
20170609094116254
20170609094117845
20170609094119315
20170609094120872
20170609094122385
20170609094123994
20170609094125339
20170609094126728
20170609094128142
20170609094129286
20170609094130680
20170609094132105
20170609094133552
20170609094135042
20170609094136422
20170609094137912
20170609094139437
20170609094140827
20170609094142339
20170609094143870
20170609094145373
20170609094146881
20170609094148392
20170609094149738
20170609094151210
20170609094152687
20170609094154106
20170609094155551
20170609094156978
20170609094158386
20170609094159955
20170609094201504
20170609094202953
20170609094204100
20170609094205180
20170609094206730
20170609094208199
20170609094209729
20170609094211287
20170609094212625
20170609094214148
20170609094215663
20170609094217204
20170609094218725
20170609094220252
20170609094221657
20170609094222767
20170609094224211
20170609094225758
20170609094227302
20170609094228826
20170609094230327
20170609094231869
20170609094233374
20170609094234907
20170609094236408
20170609094237980
20170609094239380
20170609094240930
20170609094242457
20170609094243907
20170609094245377
20170609094246778
20170609094248251
20170609094249745
20170609094251195
20170609094252652
20170609094254046
20170609094255528
20170609094257023
20170609094258467
20170609094259970
20170609094301391
20170609094302875
20170609094304247
20170609094305651
20170609094307085
20170609094308584
20170609094310110
20170609094311434
20170609094312516
20170609094313594
20170609094314624
20170609094316084
20170609094317602
20170609094319116
20170609094320461
20170609094322016
20170609094323525
20170609094324972
20170609094326487
20170609094327800
20170609094329203
20170609094330520
20170609094332039
20170609094333416
20170609094334814
20170609094336072
20170609094337616
20170609094339176
20170609094340562
20170609094342072
20170609094343566
20170609094345013
20170609094346520
20170609094347966
20170609094349515
20170609094351006
20170609094352469
20170609094353952
20170609094355458
20170609094356922
20170609094358331
20170609094359776
20170609094401161
20170609094402632
20170609094433407
20170609094434444
20170609094435354
20170609094436155
20170609094437756
20170609094439285
20170609094440799
20170609094442202
20170609094443473
20170609094445009
20170609094446532
20170609094448081
20170609094449438
20170609094450843
20170609094452257
20170609094453607
20170609094454731
20170609094455686
20170609094456560
20170609094457456
20170609094458959
20170609094500385
20170609094501942
20170609094503475
20170609094504966
20170609094506508
20170609094507955
20170609094509478
20170609094511024
20170609094512420
20170609094513941
20170609094515478
20170609094516861
20170609094518381
20170609094519704
20170609094521137
20170609094522354
20170609094523381
20170609094524305
20170609094525740
20170609094527145
20170609094528639
20170609094530185
20170609094531722
20170609094533185
20170609094534608
20170609094535996
20170609094537404
20170609094538837
20170609094540316
20170609094541710
20170609094542990
20170609094544370
20170609094545743
20170609094547032
20170609094548319
20170609094549596
20170609094551131
20170609094552430
20170609094553825
20170609094555313
20170609094556825
20170609094558113
20170609094559516
20170609094600896
20170609094602282
20170609094603832
20170609094605169
20170609094606578
20170609094608056
20170609094609610
20170609094611089
20170609094612630
20170609094614143
20170609094615546
20170609094617065
20170609094618317
20170609094619499
20170609094621020
20170609094622574
20170609094624129
20170609094625579
20170609094627079
20170609094628568
20170609094630023
20170609094631318
20170609094632874
20170609094634384
20170609094635809
20170609094637340
20170609094638767
20170609094640127
20170609094641632
20170609094642830
20170609094644221
20170609094645625
20170609094647014
20170609094648535
20170609094650002
20170609094651362
20170609094652835
20170609094654144
20170609094655674
20170609094657139
20170609094658659
20170609094700157
20170609094701659
20170609094703100
20170609094704609
20170609094706065
20170609094707569
20170609094709049
20170609094710277
20170609094711773
20170609094713256
20170609094714768
20170609094716319
20170609094717838
20170609094719387
20170609094720871
20170609094722359
20170609094723884
20170609094725251
20170609094726713
20170609094728124
20170609094729640
20170609094730957
20170609094732436
20170609094733993
20170609094735520
20170609094737020
20170609094738606
20170609094740027
20170609094741226
20170609094742652
20170609094743847
20170609094745329
20170609094746759
20170609094748138
20170609094749546
20170609094751011
20170609094752485
20170609094753935
20170609094755342
20170609094756834
20170609094758274
20170609094759798
20170609094801110
20170609094802670
20170609094804161
20170609094805505
20170609094807040
20170609094808597
20170609094810130
20170609094811597
20170609094813174
20170609094814691
20170609094816039
20170609094817075
20170609094818535
20170609094820051
20170609094821432
20170609094822955
20170609094824510
20170609094825982
20170609094827108
20170609094828587
20170609094829998
20170609094831445
20170609094832890
20170609094834424
20170609094835952
20170609094837487
20170609094838929
20170609094840424
20170609094841743
20170609094843037
20170609094844506
20170609094845723
20170609094846774
20170609094848286
20170609094849724
20170609094851222
20170609094852777
20170609094854230
20170609094855741
20170609094856877
20170609094857876
20170609094859245
20170609094900407
20170609094901875
20170609094903376
20170609094904549
20170609094906013
20170609094907281
20170609094908799
20170609094910237
20170609094911575
20170609094912870
20170609094914356
20170609094915828
20170609094917309
20170609094918729
20170609094920160
20170609094921735
20170609094923308
20170609094924802
20170609094926254
20170609094927572
20170609094928707
20170609094930148
20170609094931742
20170609094933207
20170609094934617
20170609094936023
20170609094937350
20170609094938885
20170609094940217
20170609094941705
20170609094943095
20170609094944585
20170609094945983
20170609094947501
20170609094949038
20170609094950273
20170609094951783
20170609094953297
20170609094954710
20170609094956238
20170609094957668
20170609094959088
20170609095000641
20170609095001955
20170609095003389
20170609095004563
20170609095005619
20170609095007106
20170609095008498
20170609095010024
20170609095011475
20170609095012763
20170609095014162
20170609095015584
20170609095017018
20170609095018100
20170609095019517
20170609095020911
20170609095022374
20170609095023917
20170609095025417
20170609095026960
20170609095028357
20170609095029850
20170609095031357
20170609095032803
20170609095034261
20170609095035763
20170609095037155
20170609095038679
20170609095040218
20170609095041674
20170609095043135
20170609095044624
20170609095046127
20170609095047446
20170609095048523
20170609095049884
20170609095051367
20170609095052835
20170609095054354
20170609095055682
20170609095056906
20170609095058404
20170609095059962
20170609095101425
20170609095102765
20170609095104240
20170609095105652
20170609095106779
20170609095108151
20170609095109596
20170609095110918
20170609095112267
20170609095113743
20170609095115235
20170609095116717
20170609095117900
20170609095119378
20170609095120785
20170609095122185
20170609095123581
20170609095124984
20170609095126386
20170609095127429
20170609095128373
20170609095129911
20170609095131430
20170609095132876
20170609095134371
20170609095135900
20170609095137415
20170609095138910
20170609095140409
20170609095141908
20170609095143400
20170609095144705
20170609095146248
20170609095147510
20170609095148902
20170609095150122
20170609095151678
20170609095153189
20170609095154688
20170609095156160
20170609095157608
20170609095159118
20170609095200357
20170609095201837
20170609095203181
20170609095204682
20170609095206127
20170609095207571
20170609095209067
20170609095210513
20170609095211926
20170609095213281
20170609095214461
20170609095216004
20170609095217527
20170609095219015
20170609095220442
20170609095221953
20170609095223296
20170609095224753
20170609095225935
20170609095227417
20170609095228791
20170609095230237
20170609095231521
20170609095232928
20170609095234269
20170609095235756
20170609095237259
20170609095238774
20170609095240304
20170609095241853
20170609095243410
20170609095244988
20170609095246499
20170609095248045
20170609095249400
20170609095250973
20170609095252263
20170609095253738
20170609095255068
20170609095256595
20170609095258018
20170609095259308
20170609095300718
20170609095302258
20170609095303821
20170609095305306
20170609095306631
20170609095307951
20170609095309484
20170609095310975
20170609095312219
20170609095313648
20170609095315053
20170609095316469
names
namesC
