20170609085159207
20170609085159207t
20170609085200713t
20170609085204952
20170609085207887
20170609085207887spike
20170609085210775
20170609085215131-2
20170609085215131
20170609085220947
20170609085222376
20170609085229813
20170609085231196
20170609085232310
20170609085235263
20170609085247182
20170609085248733
20170609085250164
20170609085257543
20170609085301971
20170609085303390
20170609085310778
20170609085310778b
20170609085316726
20170609085316726b
20170609085318099
20170609085328194b
20170609085330741
20170609085334991
20170609085336469
20170609085337975
20170609085339314
20170609085346804
20170609085348261
20170609085349725
20170609085349725b
20170609085356831
20170609085359730
20170609085405481
20170609085405481_four
20170609085407006
20170609085408484
20170609085410025
20170609085411540
20170609085415977
20170609085415977b
20170609085417318
20170609085418481
20170609085422850
20170609085428503
20170609085429975
20170609085429975b
20170609085431450.
20170609085432893
20170609085432893b
20170609085432893c
20170609085434327
20170609085435829
20170609085438780
20170609085440311
20170609085441869
20170609085446128
20170609085449064
20170609085449064b
20170609085452034
20170609085454944
20170609085454944b
20170609085454944c
20170609085459351
20170609085511299
20170609085517991
20170609085520959
20170609085520959b
20170609085520959c
2017060908553120
20170609085535562
20170609085537063
20170609085543088
20170609085546108
20170609085549041
20170609085553524
20170609085559371
20170609085602136
20170609085602136b
20170609085611029
20170609085612476l
20170609085618346
20170609085621219
20170609085630931
20170609085642889
20170609085644362
20170609085647058
20170609085647058l
20170609085648479
20170609085648479b
20170609085654152
20170609085654152b
20170609085658634
20170609085700110
20170609085703073
20170609085704466
20170609085707277
20170609085707277l
20170609085708727
20170609085714809
20170609085714809b
20170609085726456
20170609085727930
20170609085729428
20170609085732315
20170609085735249
20170609085735249b
20170609085735249c
20170609085744141
20170609085744141l
20170609085746977
20170609085749634
20170609085749634b
20170609085752578
20170609085752578b
20170609085755607
20170609085801570
20170609085803802
20170609085806622
20170609085809515
20170609085814055
20170609085817016
20170609085819970
20170609085821426
20170609085824307
20170609085833244
20170609085833244b
20170609085845134
20170609085845134b
20170609085845134c
20170609085857107
20170609085858594
20170609085859936
20170609085902733
20170609085904214
20170609085908512
20170609085909886
20170609085909886b
20170609085912876
20170609085914418b
20170609085915836
20170609085918857
20170609085924783
20170609085924783b
20170609085927752
20170609085933294
20170609085933294l
20170609085936353
20170609085937864l
20170609085943460
20170609085944955l
20170609085947904
20170609085950760
20170609085952159
20170609085953597
20170609085953597b
20170609085959545
20170609085959545b
20170609090000889
20170609090005330
20170609090006819
20170609090016590
20170609090018042
20170609090028103
20170609090029453
20170609090032452
20170609090034003l
20170609090045883
20170609090054741
20170609090058956
20170609090058956b
20170609090058956c
20170609090100434
20170609090106224
20170609090109106
20170609090135612
20170609090150537
20170609090152033
20170609090200657
20170609090200657b
20170609090203491
20170609090204991
20170609090204991b
20170609090207684
20170609090219363
20170609090219363b
20170609090220661
20170609090220661b
20170609090229545
20170609090234009l
20170609090240412
20170609090241814
20170609090244551
20170609090244551l
20170609090248983
20170609090251830
20170609090254765l
20170609090305320
20170609090333161
20170609090407567
20170609090411762
20170609090417614
20170609090417614b
20170609090432984
20170609090434406
20170609090456547
20170609090459513
20170609090459513b
20170609090500921
20170609090511279
20170609090517290
20170609090533460b
20170609090550930
20170609090553842
20170609090556513
20170609090613713
20170609090632520
20170609090913374
20170609091012009
20170609091029156
20170609091031956
20170609091041891
20170609091145481
20170609091207961
20170609091300663
20170609091317094
20170609091327775
20170609091341383
20170609091748523
20170609091845899
20170609092337298
20170609092416478
20170609093210748
20170609093641549
20170609093900975
20170609093911049
20170609094054685
20170609094904549
20170609095112267
st10Around.txt
