20170602061001451
20170602061002943
20170602061004424
20170602061005897
20170602061007439
20170602061008966
20170602061010274
20170602061011782
20170602061013286
20170602061014816
20170602061016329
20170602061017839
20170602061019343
20170602061020820
20170602061022298
20170602061023780
20170602061025163
20170602061026557
20170602061028039
20170602061029600
20170602061031087
20170602061032607
20170602061034135
20170602061035607
20170602061036978
20170602061038415
20170602061039898
20170602061041425
20170602061042731
20170602061044166
20170602061045647
20170602061047010
20170602061048534
20170602061049973
20170602061051451
20170602061052901
20170602061054160
20170602061055444
20170602061056890
20170602061058382
20170602061059927
20170602061101483
20170602061102863
20170602061104344
20170602061105871
20170602061107362
20170602061108829
20170602061110349
20170602061111784
20170602061113200
20170602061114694
20170602061116161
20170602061117660
20170602061119126
20170602061120635
20170602061122127
20170602061123670
20170602061125140
20170602061126645
20170602061128128
20170602061129614
20170602061131115
20170602061132626
20170602061134095
20170602061135594
20170602061137032
20170602061138512
20170602061140028
20170602061141514
20170602061143035
20170602061144555
20170602061146045
20170602061147515
20170602061148842
20170602061150411
20170602061151952
20170602061153461
20170602061154887
20170602061156421
20170602061157795
20170602061159353
20170602061200757
20170602061202242
20170602061203790
20170602061205274
20170602061206731
20170602061208267
20170602061209761
20170602061211271
20170602061212604
20170602061214079
20170602061215463
20170602061216932
20170602061218413
20170602061219899
20170602061221425
20170602061222907
20170602061224268
20170602061225790
20170602061227285
20170602061228812
20170602061230334
20170602061231834
20170602061233357
20170602061234809
20170602061236335
20170602061237823
20170602061239379
20170602061240808
20170602061242168
20170602061243606
20170602061245071
20170602061246361
20170602061247907
20170602061249389
20170602061250783
20170602061252011
20170602061253380
20170602061254880
20170602061256359
20170602061257842
20170602061259397
20170602061300868
20170602061302418
20170602061303836
20170602061305339
20170602061306873
20170602061308412
20170602061309845
20170602061311341
20170602061312805
20170602061314262
20170602061315790
20170602061317320
20170602061318843
20170602061320306
20170602061321832
20170602061323259
20170602061324753
20170602061326249
20170602061327673
20170602061329107
20170602061330632
20170602061332122
20170602061333581
20170602061335118
20170602061336601
20170602061338069
20170602061339554
20170602061341061
20170602061342600
20170602061344130
20170602061345666
20170602061347094
20170602061348476
20170602061349983
20170602061351508
20170602061352951
20170602061354381
20170602061355883
20170602061357354
20170602061358728
20170602061400142
20170602061401679
20170602061403234
20170602061404748
20170602061406188
20170602061407256
20170602061408389
20170602061409903
20170602061411418
20170602061412956
20170602061414419
20170602061415898
20170602061417407
20170602061418800
20170602061420276
20170602061421800
20170602061423178
20170602061424469
20170602061426028
20170602061427516
20170602061428977
20170602061430479
20170602061431981
20170602061433481
20170602061435028
20170602061436547
20170602061437923
20170602061439455
20170602061440987
20170602061442458
20170602061443906
20170602061445383
20170602061446864
20170602061448294
20170602061449791
20170602061451303
20170602061452783
20170602061454171
20170602061455653
20170602061457146
20170602061458603
20170602061500132
20170602061501589
20170602061503113
20170602061504514
20170602061506042
20170602061507542
20170602061508976
20170602061510413
20170602061511936
20170602061513343
20170602061514818
20170602061516294
20170602061517773
20170602061519268
20170602061520590
20170602061521784
20170602061523204
20170602061524706
20170602061526207
20170602061527742
20170602061529248
20170602061530760
20170602061532321
20170602061533756
20170602061535192
20170602061536615
20170602061538061
20170602061539533
20170602061540969
20170602061542344
20170602061543732
20170602061545214
20170602061546667
20170602061548200
20170602061549660
20170602061551189
20170602061552668
20170602061554132
20170602061555604
20170602061557116
20170602061558636
20170602061600217
20170602061601492
20170602061602990
20170602061604503
20170602061605989
20170602061607499
20170602061609015
20170602061610436
20170602061611880
20170602061613362
20170602061614776
20170602061616259
20170602061617564
20170602061619049
20170602061620522
20170602061621986
20170602061623445
20170602061624930
20170602061626466
20170602061627901
20170602061629447
20170602061630929
20170602061632369
20170602061633712
20170602061635093
20170602061636602
20170602061638118
20170602061639621
20170602061641181
20170602061642716
20170602061644248
20170602061645794
20170602061647271
20170602061648770
20170602061650200
20170602061651683
20170602061653184
20170602061654665
20170602061656144
20170602061657651
20170602061659158
20170602061700700
20170602061702173
20170602061703669
20170602061705175
20170602061706705
20170602061708132
20170602061709657
20170602061711152
20170602061712640
20170602061714135
20170602061715609
20170602061716995
20170602061718533
20170602061720006
20170602061721482
20170602061722995
20170602061724457
20170602061725888
20170602061727352
20170602061728815
20170602061730345
20170602061731875
20170602061733419
20170602061734916
20170602061736437
20170602061737864
20170602061739386
20170602061740859
20170602061742359
20170602061743696
20170602061745231
20170602061746701
20170602061748197
20170602061749700
20170602061751217
20170602061752730
20170602061754228
20170602061755612
20170602061757102
20170602061758651
20170602061800127
20170602061801576
20170602061802974
20170602061804468
20170602061805944
20170602061807424
20170602061808788
20170602061810213
20170602061811695
20170602061813199
20170602061814741
20170602061816167
20170602061817616
20170602061819108
20170602061820605
20170602061822021
20170602061823278
20170602061824540
20170602061825997
20170602061827509
20170602061829002
20170602061830411
20170602061831942
20170602061833454
20170602061834991
20170602061836463
20170602061837941
20170602061839458
20170602061840989
20170602061842326
20170602061843819
20170602061845211
20170602061846675
20170602061848212
20170602061849620
20170602061851168
20170602061852662
20170602061854136
20170602061855651
20170602061857136
20170602061858574
20170602061900038
20170602061901457
20170602061902865
20170602061904256
20170602061905707
20170602061907107
20170602061908653
20170602061910042
20170602061911517
20170602061913014
20170602061914459
20170602061915997
20170602061917322
20170602061918729
20170602061920223
20170602061921667
20170602061923049
20170602061924538
20170602061925911
20170602061927380
20170602061928854
20170602061930258
20170602061931654
20170602061933103
20170602061934571
20170602061936092
20170602061937591
20170602061939035
20170602061940539
20170602061941904
20170602061943373
20170602061944864
20170602061946226
20170602061947608
20170602061949092
20170602061950468
20170602061951812
20170602061953325
20170602061954786
20170602061956353
20170602061957883
20170602061959383
20170602062000895
20170602062002353
20170602062003859
20170602062005308
20170602062006732
20170602062008191
20170602062009637
20170602062011198
20170602062012674
20170602062014164
20170602062015574
20170602062016957
20170602062018310
20170602062019832
20170602062021299
20170602062022704
20170602062024128
20170602062025525
20170602062026965
20170602062028074
20170602062029545
20170602062030833
20170602062032310
20170602062033749
20170602062035204
20170602062036766
20170602062038200
20170602062039595
20170602062041095
20170602062042478
20170602062043970
20170602062045495
20170602062046978
20170602062048348
20170602062049834
20170602062051289
20170602062052754
20170602062054194
20170602062055707
20170602062057220
20170602062058685
20170602062100129
20170602062101570
20170602062102687
20170602062104051
20170602062105484
20170602062106874
20170602062108012
20170602062109107
20170602062110468
20170602062111972
20170602062113474
20170602062114966
20170602062116427
20170602062117904
20170602062119394
20170602062120910
20170602062122329
20170602062123761
20170602062125077
20170602062126214
20170602062127528
20170602062128632
20170602062130158
20170602062131601
20170602062133068
20170602062134468
20170602062135994
20170602062137503
20170602062139019
20170602062140429
20170602062141942
20170602062143371
20170602062144781
20170602062146277
20170602062147652
20170602062148762
20170602062150252
20170602062151663
20170602062153145
20170602062154671
20170602062156116
20170602062157540
20170602062158996
20170602062200518
20170602062201976
20170602062203446
20170602062204872
20170602062206354
20170602062207854
20170602062209288
20170602062210742
20170602062212241
20170602062213595
20170602062215033
20170602062216550
20170602062218052
20170602062219456
20170602062220905
20170602062222387
20170602062223769
20170602062225245
20170602062226745
20170602062228079
20170602062229594
20170602062231071
20170602062232581
20170602062234114
20170602062235567
20170602062237045
20170602062238325
20170602062239798
20170602062241343
20170602062242648
20170602062244135
20170602062245619
20170602062247117
20170602062248649
20170602062250088
20170602062251360
20170602062252752
20170602062254309
20170602062255750
20170602062257207
20170602062258722
20170602062300226
20170602062301635
20170602062302888
20170602062304380
20170602062305740
20170602062307133
20170602062308352
20170602062309878
20170602062311382
20170602062312798
20170602062314283
20170602062315763
20170602062317159
20170602062318644
20170602062320158
20170602062321677
20170602062323230
20170602062324654
20170602062326124
20170602062327651
20170602062329099
20170602062330603
20170602062332013
20170602062333395
20170602062334873
20170602062336355
20170602062337770
20170602062339282
20170602062340795
20170602062342091
20170602062343539
20170602062344997
20170602062346345
20170602062347875
20170602062349403
20170602062350837
20170602062352246
20170602062353554
20170602062355014
20170602062356490
20170602062358002
20170602062359497
20170602062400965
20170602062402427
20170602062403774
20170602062405333
20170602062406754
20170602062408113
20170602062409576
20170602062411103
20170602062412500
20170602062413905
20170602062415403
20170602062416776
20170602062418235
20170602062419788
20170602062421103
20170602062422633
20170602062424129
20170602062425355
20170602062426550
20170602062427854
20170602062429161
20170602062430605
20170602062432088
20170602062433572
20170602062435123
20170602062436613
20170602062438129
20170602062439661
20170602062441219
20170602062442653
20170602062444138
20170602062445601
20170602062447131
20170602062448618
20170602062450111
20170602062451640
20170602062453173
20170602062454587
20170602062455939
20170602062457426
20170602062458834
20170602062500323
20170602062501793
20170602062503239
20170602062504808
20170602062506350
20170602062507891
20170602062509429
20170602062510959
20170602062512513
20170602062513833
20170602062515143
20170602062516610
20170602062518084
20170602062519588
20170602062520889
20170602062522346
20170602062523624
20170602062525077
20170602062526586
20170602062528136
20170602062529654
20170602062531165
20170602062532659
20170602062534248
20170602062535677
20170602062537218
20170602062538773
20170602062540264
20170602062541716
20170602062543227
20170602062544695
20170602062546258
20170602062547731
20170602062549266
20170602062550731
20170602062552244
20170602062553774
20170602062555211
20170602062556698
20170602062558206
20170602062559661
20170602062601179
20170602062602678
20170602062604175
20170602062605591
20170602062607140
20170602062608653
20170602062610168
20170602062611686
20170602062613179
20170602062614736
20170602062616230
20170602062617767
20170602062619234
20170602062620672
20170602062622187
20170602062623737
20170602062625278
20170602062626847
20170602062628368
20170602062629775
20170602062631198
20170602062632589
20170602062633998
20170602062635426
20170602062636693
20170602062637956
20170602062639498
20170602062640966
20170602062642476
20170602062643885
20170602062645356
20170602062646876
20170602062648328
20170602062649771
20170602062651207
20170602062652702
20170602062654193
20170602062655730
20170602062657220
20170602062658597
20170602062700084
20170602062701578
20170602062703081
20170602062704455
20170602062705903
20170602062707389
20170602062708880
20170602062710378
20170602062711890
20170602062713383
20170602062714874
20170602062716387
20170602062717838
20170602062719352
20170602062720871
20170602062722364
20170602062723844
20170602062725363
20170602062726875
20170602062728288
20170602062729799
20170602062731311
20170602062732878
20170602062734277
20170602062735549
20170602062737037
20170602062738430
20170602062739980
20170602062741448
20170602062742906
20170602062744395
20170602062745850
20170602062747391
20170602062748871
20170602062750314
20170602062751849
20170602062753263
20170602062754828
20170602062756161
20170602062757701
20170602062759193
20170602062800686
20170602062802268
20170602062803783
20170602062805210
20170602062806613
20170602062808139
20170602062809666
20170602062811240
20170602062812713
20170602062814229
20170602062815801
20170602062817326
20170602062818796
20170602062820280
20170602062821796
20170602062823253
20170602062824723
20170602062826274
20170602062827728
20170602062829138
20170602062830635
20170602062832183
20170602062833720
20170602062835209
20170602062836523
20170602062837963
20170602062839495
20170602062840889
20170602062842071
20170602062843616
20170602062845018
20170602062846457
20170602062847876
20170602062849363
20170602062850883
20170602062852437
20170602062853991
20170602062855413
20170602062856963
20170602062858462
20170602062859951
20170602062901228
20170602062902312
20170602062903846
20170602062905286
20170602062906802
20170602062908075
20170602062909620
20170602062911170
20170602062912707
20170602062914123
20170602062915591
20170602062916936
20170602062918088
20170602062919633
20170602062921209
20170602062922736
20170602062924313
20170602062925739
20170602062927185
20170602062928722
20170602062930053
20170602062931468
20170602062933011
20170602062934512
20170602062936013
20170602062937528
20170602062939077
20170602062940512
20170602062941868
20170602062943424
20170602062944976
20170602062946458
20170602062947962
20170602062949488
20170602062950991
20170602062952344
20170602062953909
20170602062955199
20170602062956283
20170602062957451
20170602062958883
20170602063000292
20170602063001476
20170602063003028
20170602063004516
20170602063006036
20170602063007511
20170602063009013
20170602063010511
20170602063012083
20170602063013531
20170602063015045
20170602063016506
20170602063018004
20170602063019364
20170602063020825
20170602063022251
20170602063023742
20170602063025298
20170602063026801
20170602063028202
20170602063029761
20170602063031240
20170602063032691
20170602063034090
20170602063035529
20170602063037081
20170602063038357
20170602063039850
20170602063041390
20170602063042866
20170602063044416
20170602063045851
20170602063047446
20170602063048967
20170602063050455
20170602063051990
20170602063053527
20170602063055071
20170602063056551
20170602063057958
20170602063059379
20170602063100901
20170602063102446
20170602063103914
20170602063105396
20170602063106696
20170602063108155
20170602063109700
20170602063111117
20170602063112685
20170602063114129
20170602063115624
20170602063117102
20170602063118564
20170602063120094
20170602063121493
20170602063123029
20170602063124521
20170602063126019
20170602063127258
20170602063128817
20170602063130248
20170602063131751
20170602063133178
20170602063134652
20170602063136148
20170602063137629
20170602063139182
20170602063140683
20170602063142181
20170602063143610
20170602063144885
20170602063146362
20170602063147911
20170602063149366
20170602063150848
20170602063152283
20170602063153826
20170602063155320
20170602063156895
20170602063158375
20170602063159852
20170602063201341
20170602063202812
20170602063204224
20170602063205630
20170602063207088
20170602063208613
20170602063210063
20170602063211623
20170602063213128
20170602063214709
20170602063216185
20170602063217668
20170602063219196
20170602063220568
20170602063221949
20170602063223423
20170602063224996
20170602063226476
20170602063227942
20170602063229442
20170602063230931
20170602063232390
20170602063233820
20170602063235261
20170602063236602
20170602063238027
20170602063239478
20170602063240994
20170602063242559
20170602063244115
20170602063245537
20170602063246968
20170602063248470
20170602063249977
20170602063251388
20170602063252825
20170602063254331
20170602063255859
20170602063257420
20170602063258900
20170602063300363
20170602063301546
20170602063302951
20170602063304447
20170602063305938
20170602063307436
20170602063308821
20170602063310289
20170602063311816
20170602063313249
20170602063314624
20170602063316203
20170602063317766
20170602063319313
20170602063320732
20170602063322204
20170602063323620
20170602063325180
20170602063326613
20170602063328103
20170602063329602
20170602063331111
20170602063332561
20170602063334094
20170602063335639
20170602063337114
20170602063338566
20170602063340096
20170602063341594
20170602063343120
20170602063344579
20170602063345989
20170602063347249
20170602063348721
20170602063350146
20170602063351622
20170602063353024
20170602063354396
20170602063355841
20170602063357361
20170602063358811
20170602063400309
20170602063401738
20170602063403260
20170602063404839
20170602063406370
20170602063407874
20170602063409271
20170602063410873
20170602063412414
20170602063413902
20170602063415354
20170602063416618
20170602063418033
20170602063419488
20170602063420993
20170602063422355
20170602063423825
20170602063425238
20170602063426733
20170602063428278
20170602063429755
20170602063431199
20170602063432665
20170602063434140
20170602063435689
20170602063437134
20170602063438282
20170602063439516
20170602063441041
20170602063442392
20170602063443862
20170602063445258
20170602063446748
20170602063448156
20170602063449628
20170602063450828
20170602063452043
20170602063453549
20170602063455065
20170602063456547
20170602063457686
20170602063459016
20170602063500431
20170602063502007
20170602063503260
20170602063504788
20170602063506348
20170602063507867
20170602063509184
20170602063510570
20170602063512073
20170602063513537
20170602063515064
20170602063516638
20170602063518154
20170602063519692
20170602063521186
20170602063522568
20170602063523971
20170602063525448
20170602063526984
20170602063528502
20170602063529998
20170602063531316
20170602063532854
20170602063534354
20170602063535855
20170602063537417
20170602063538883
20170602063540373
20170602063541954
20170602063543497
20170602063544974
20170602063546379
20170602063547938
20170602063549410
20170602063550752
20170602063552281
20170602063553777
20170602063555150
20170602063556700
20170602063558158
20170602063559604
20170602063601184
20170602063602693
20170602063604219
20170602063605729
20170602063607241
20170602063608726
20170602063610252
20170602063611784
20170602063612927
20170602063614421
20170602063615849
20170602063617168
20170602063618676
20170602063620173
20170602063621599
20170602063623077
20170602063624594
20170602063626091
20170602063627631
20170602063629206
20170602063630667
20170602063632062
20170602063633599
20170602063635036
20170602063636498
20170602063637994
20170602063639234
20170602063640275
20170602063641768
20170602063643259
20170602063644753
20170602063646306
20170602063647781
20170602063649384
20170602063650880
20170602063652280
20170602063653618
20170602063654964
20170602063656497
20170602063658028
20170602063659367
20170602063700846
20170602063702241
20170602063703789
20170602063705273
20170602063706808
20170602063708305
20170602063709848
20170602063711290
20170602063712554
20170602063713989
20170602063715230
20170602063716734
20170602063718289
20170602063719790
20170602063721354
20170602063722835
20170602063724365
20170602063725887
20170602063727430
20170602063728926
20170602063730399
20170602063731921
20170602063733420
20170602063734933
20170602063736327
20170602063737827
20170602063739256
20170602063740763
20170602063742264
20170602063743564
20170602063745027
20170602063746409
20170602063747928
20170602063749321
20170602063750773
20170602063752265
20170602063753623
20170602063755121
20170602063756573
20170602063758033
20170602063759418
20170602063800875
20170602063802418
20170602063803974
20170602063805282
20170602063806702
20170602063808243
20170602063809769
20170602063811283
20170602063812814
20170602063814331
20170602063815827
20170602063817327
20170602063818698
20170602063820240
20170602063821752
20170602063823201
20170602063824649
20170602063826134
20170602063827543
20170602063829097
20170602063830636
20170602063832061
20170602063833589
20170602063835166
20170602063836690
20170602063838182
20170602063839609
20170602063841131
20170602063842650
20170602063844180
20170602063845605
20170602063846913
20170602063848408
20170602063849915
20170602063851503
20170602063853092
20170602063854588
20170602063855987
20170602063857468
20170602063858998
20170602063900503
20170602063902030
20170602063903520
20170602063904844
20170602063906424
20170602063907931
20170602063909252
20170602063910675
20170602063912277
20170602063913783
20170602063915283
20170602063916829
20170602063918398
20170602063919958
20170602063921489
20170602063923043
20170602063924533
20170602063925806
20170602063926933
20170602063928388
20170602063929690
20170602063931115
20170602063932674
20170602063934060
20170602063935556
20170602063937045
20170602063938531
20170602063939962
20170602063941483
20170602063942982
20170602063944313
20170602063945553
20170602063946954
20170602063948521
20170602063949918
20170602063951162
20170602063952682
20170602063954105
20170602063955596
20170602063957087
20170602063958618
20170602064000153
20170602064001606
20170602064003159
20170602064004656
20170602064006199
20170602064007659
20170602064008988
20170602064010400
20170602064011837
20170602064013338
20170602064014751
20170602064016316
20170602064017778
20170602064019274
20170602064020776
20170602064022354
20170602064023885
20170602064025364
20170602064026845
20170602064028307
20170602064029727
20170602064031273
20170602064032799
20170602064034320
20170602064035711
20170602064036867
20170602064038388
20170602064039777
20170602064041069
20170602064042578
20170602064044092
20170602064045642
20170602064047117
20170602064048592
20170602064050148
20170602064051543
20170602064053086
20170602064054511
20170602064056077
20170602064057379
20170602064058439
20170602064059991
20170602064101487
20170602064102916
20170602064104328
20170602064105823
20170602064107317
20170602064108748
20170602064110305
20170602064111833
20170602064113346
20170602064114778
20170602064116342
20170602064117840
20170602064119266
20170602064120766
20170602064121946
20170602064123373
20170602064124939
20170602064126420
20170602064127947
20170602064129401
20170602064130912
20170602064132394
20170602064133763
20170602064135114
20170602064136645
20170602064138200
20170602064139567
20170602064141065
20170602064142549
20170602064144048
20170602064145566
20170602064147088
20170602064148423
20170602064149868
20170602064151394
20170602064152904
20170602064154384
20170602064155874
20170602064157372
20170602064158758
20170602064200215
20170602064201771
20170602064203247
20170602064204752
20170602064206306
20170602064207850
20170602064209342
20170602064210684
20170602064211989
20170602064213393
20170602064214894
20170602064216394
20170602064217976
20170602064219550
20170602064221025
20170602064222547
20170602064224044
20170602064225609
20170602064227131
20170602064228607
20170602064230130
20170602064231644
20170602064233009
20170602064234548
20170602064236046
20170602064237566
20170602064239052
20170602064240475
20170602064242020
20170602064243502
20170602064244915
20170602064246366
20170602064247842
20170602064249294
20170602064250768
20170602064252278
20170602064253767
20170602064255242
20170602064256536
20170602064257587
20170602064259014
20170602064300397
20170602064301856
20170602064303325
20170602064304776
20170602064306306
20170602064307774
20170602064309110
20170602064310669
20170602064312137
20170602064313629
20170602064314925
20170602064316424
20170602064317712
20170602064319232
20170602064320789
20170602064322247
20170602064323802
20170602064325365
20170602064326833
20170602064328054
20170602064329441
20170602064330574
20170602064332000
20170602064333531
20170602064335035
20170602064336498
20170602064337960
20170602064339365
20170602064340655
20170602064342184
20170602064343629
20170602064345163
20170602064346475
20170602064347974
20170602064349506
20170602064350967
20170602064352487
20170602064354056
20170602064355598
20170602064357136
20170602064358613
20170602064400008
20170602064401498
20170602064403029
20170602064404516
20170602064405894
20170602064407441
20170602064408938
20170602064410124
20170602064411506
20170602064413006
20170602064414419
20170602064415843
20170602064416885
20170602064418345
20170602064419640
20170602064421139
20170602064422715
20170602064424244
20170602064425698
20170602064427264
20170602064428748
20170602064430227
20170602064431772
20170602064433259
20170602064434755
20170602064436248
20170602064437710
20170602064438947
20170602064440444
20170602064441941
20170602064443305
20170602064444797
20170602064446291
20170602064447779
20170602064449247
20170602064450746
20170602064452296
20170602064453722
20170602064455268
20170602064456819
20170602064458217
20170602064459628
20170602064501121
20170602064502597
20170602064504114
20170602064505609
20170602064507071
20170602064508553
20170602064510005
20170602064511541
20170602064513020
20170602064514527
20170602064515978
20170602064517508
20170602064518933
20170602064520368
20170602064521748
20170602064523247
20170602064524751
20170602064526355
20170602064527826
20170602064529143
20170602064530602
20170602064532141
20170602064533461
20170602064534859
20170602064536280
20170602064537702
20170602064539178
20170602064540680
20170602064542126
20170602064543573
20170602064545139
20170602064546684
20170602064548230
20170602064549740
20170602064551256
20170602064552639
20170602064553965
20170602064555479
20170602064556981
20170602064558455
20170602064559998
20170602064601554
20170602064603105
20170602064604635
20170602064606187
20170602064607686
20170602064609185
20170602064610698
20170602064612041
20170602064613553
20170602064615133
20170602064616656
20170602064618228
20170602064619805
20170602064621306
20170602064622832
20170602064624412
20170602064625783
20170602064627283
20170602064628766
20170602064630264
20170602064631787
20170602064633312
20170602064634808
20170602064636248
20170602064637740
20170602064639213
20170602064640617
20170602064641990
20170602064643489
20170602064645052
20170602064646606
20170602064647899
20170602064649390
20170602064650867
20170602064652361
20170602064653859
20170602064655357
20170602064656785
20170602064658269
20170602064659686
20170602064700914
20170602064702271
20170602064703763
20170602064705341
20170602064706841
20170602064708324
20170602064709859
20170602064711319
20170602064712828
20170602064714175
20170602064715672
20170602064717222
20170602064718678
20170602064720054
20170602064721593
20170602064723100
20170602064724670
20170602064726103
20170602064727664
20170602064729164
20170602064730656
20170602064731944
20170602064733226
20170602064734613
20170602064736098
20170602064737472
20170602064739007
20170602064740566
20170602064742017
20170602064743462
20170602064745010
20170602064746419
20170602064748024
20170602064749531
20170602064750825
20170602064752043
20170602064753552
20170602064755109
20170602064756543
20170602064758072
20170602064759522
20170602064800919
20170602064802470
20170602064803933
20170602064805428
20170602064806993
20170602064808520
20170602064810045
20170602064811510
20170602064812986
20170602064814129
20170602064815671
20170602064817162
20170602064818305
20170602064819880
20170602064821295
20170602064822765
20170602064824198
20170602064825753
20170602064827252
20170602064828795
20170602064830355
20170602064831909
20170602064833411
20170602064834952
20170602064836519
20170602064838079
20170602064839656
20170602064841188
20170602064842712
20170602064844215
20170602064845739
20170602064847139
20170602064848694
20170602064850260
20170602064851741
20170602064853347
20170602064854761
20170602064856043
20170602064857127
20170602064858147
20170602064859499
20170602064901005
20170602064902373
20170602064903811
20170602064905311
20170602064906811
20170602064908337
20170602064909823
20170602064911402
20170602064912898
20170602064914406
20170602064915826
20170602064917047
20170602064918623
20170602064920113
20170602064921640
20170602064923199
20170602064924712
20170602064926281
20170602064927677
20170602064929215
20170602064930758
20170602064932324
20170602064933857
20170602064935409
20170602064936971
20170602064938444
20170602064939978
20170602064941474
20170602064942972
20170602064944472
20170602064945867
20170602064947357
20170602064948773
20170602064950315
20170602064951687
20170602064953195
20170602064954680
20170602064956221
20170602064957782
20170602064959209
20170602065000797
20170602065002231
20170602065003737
20170602065005339
20170602065006772
20170602065008351
20170602065009787
20170602065011314
20170602065012850
20170602065014300
20170602065015874
20170602065017428
20170602065018940
20170602065020396
20170602065021881
20170602065023379
20170602065024939
20170602065026459
20170602065027931
20170602065029512
20170602065031046
20170602065032520
20170602065033904
20170602065035338
20170602065036907
20170602065038487
20170602065040016
20170602065041531
20170602065043098
20170602065044551
20170602065046081
20170602065047581
20170602065049131
20170602065050606
20170602065051980
20170602065053460
20170602065054931
20170602065056448
20170602065057897
20170602065059418
20170602065100880
20170602065102449
20170602065103978
20170602065105492
20170602065106964
20170602065108399
20170602065109879
20170602065111468
20170602065113081
20170602065114586
20170602065115900
20170602065117471
20170602065118921
20170602065120425
20170602065121911
20170602065123411
20170602065124956
20170602065126533
20170602065128086
20170602065129639
20170602065131062
20170602065132510
20170602065133985
20170602065135523
20170602065137081
20170602065138635
20170602065140126
20170602065141521
20170602065142954
20170602065144409
20170602065145905
20170602065147419
20170602065148857
20170602065150357
20170602065151704
20170602065153109
20170602065154664
20170602065156196
20170602065157552
20170602065159106
20170602065200395
20170602065201956
20170602065203343
20170602065204873
20170602065206322
20170602065207664
20170602065209092
20170602065210440
20170602065211974
20170602065213478
20170602065214946
20170602065216095
20170602065217578
20170602065218983
20170602065220442
20170602065221971
20170602065223462
20170602065224905
20170602065226472
20170602065227936
20170602065229465
20170602065230972
20170602065232425
20170602065233893
20170602065235390
20170602065236916
20170602065238489
20170602065239921
20170602065241473
20170602065243052
20170602065244638
20170602065246175
20170602065247688
20170602065249210
20170602065250510
20170602065251997
20170602065253483
20170602065255014
20170602065256571
20170602065258056
20170602065259508
20170602065301035
20170602065302469
20170602065303962
20170602065305441
20170602065306995
20170602065308497
20170602065309959
20170602065311389
20170602065312689
20170602065314161
20170602065315609
20170602065317146
20170602065318558
20170602065320138
20170602065321694
20170602065323197
20170602065324697
20170602065326268
20170602065327767
20170602065329023
20170602065330607
20170602065332108
20170602065333347
20170602065334397
20170602065335346
20170602065336667
20170602065338210
20170602065339741
20170602065341246
20170602065342759
20170602065344324
20170602065345768
20170602065347224
20170602065348727
20170602065350085
20170602065351601
20170602065353188
20170602065354708
20170602065356236
20170602065357772
20170602065359206
20170602065400765
20170602065402243
20170602065403604
20170602065405071
20170602065406575
20170602065408067
20170602065409598
20170602065411059
20170602065412626
20170602065414149
20170602065415702
20170602065417227
20170602065418718
20170602065420140
20170602065421698
20170602065423153
20170602065424690
20170602065426120
20170602065427699
20170602065429206
20170602065430748
20170602065432297
20170602065433852
20170602065435292
20170602065436822
20170602065438330
20170602065439914
20170602065441518
20170602065443047
20170602065444618
20170602065446204
20170602065447418
20170602065448954
20170602065450460
20170602065451907
20170602065453433
20170602065454869
20170602065456292
20170602065457805
20170602065459343
20170602065500709
20170602065502281
20170602065503828
20170602065505337
20170602065506814
20170602065508106
20170602065509301
20170602065510910
20170602065512477
20170602065513898
20170602065515338
20170602065516847
20170602065518357
20170602065519866
20170602065521399
20170602065522578
20170602065524094
20170602065525699
20170602065527279
20170602065528754
20170602065530062
20170602065531590
20170602065533148
20170602065534632
20170602065536189
20170602065537710
20170602065539232
20170602065540668
20170602065542017
20170602065543568
20170602065545108
20170602065546590
20170602065547954
20170602065549485
20170602065550931
20170602065552469
20170602065553700
20170602065554854
20170602065556305
20170602065557697
20170602065559222
20170602065600667
20170602065602010
20170602065603515
20170602065604945
20170602065606490
20170602065607938
20170602065609486
20170602065611004
20170602065612347
20170602065613754
20170602065615305
20170602065616729
20170602065618265
20170602065619773
20170602065621298
20170602065622771
20170602065624247
20170602065625758
20170602065627136
20170602065628728
20170602065630184
20170602065631741
20170602065633295
20170602065634852
20170602065636357
20170602065637859
20170602065639378
20170602065640941
20170602065642523
20170602065644090
20170602065645644
20170602065647176
20170602065648664
20170602065650153
20170602065651483
20170602065653002
20170602065654517
20170602065656018
20170602065657562
20170602065658995
20170602065700481
20170602065701960
20170602065703324
20170602065704822
20170602065706310
20170602065707704
20170602065709179
20170602065710699
20170602065712215
20170602065713604
20170602065715117
20170602065716614
20170602065718026
20170602065719512
20170602065720987
20170602065722527
20170602065723975
20170602065725470
20170602065727012
20170602065728538
20170602065729990
20170602065731500
20170602065733027
20170602065734557
20170602065736076
20170602065737593
20170602065739083
20170602065740653
20170602065742139
20170602065743589
20170602065744865
20170602065746383
20170602065747896
20170602065749423
20170602065750949
20170602065752404
20170602065753901
20170602065755254
20170602065756533
20170602065758078
20170602065759476
20170602065800862
20170602065802371
20170602065803896
20170602065805160
20170602065806537
20170602065807992
20170602065809529
20170602065810998
20170602065812568
20170602065814036
20170602065815504
20170602065816960
20170602065818390
20170602065819790
20170602065821298
20170602065822846
20170602065824442
20170602065825832
20170602065827278
20170602065828487
20170602065829655
20170602065831155
20170602065832718
20170602065834217
20170602065835522
20170602065837076
20170602065838538
20170602065840037
20170602065841544
20170602065843000
20170602065844291
20170602065845446
20170602065846795
20170602065848331
20170602065849782
20170602065851259
20170602065852764
20170602065854192
20170602065855674
20170602065857175
20170602065858747
20170602065900199
20170602065901579
20170602065903054
20170602065904336
20170602065905890
20170602065907416
20170602065908928
20170602065910515
20170602065911973
20170602065913504
20170602065915056
20170602065916484
20170602065917969
20170602065919457
20170602065920976
20170602065922462
20170602065923789
20170602065925324
20170602065926818
20170602065928337
20170602065929789
20170602065931331
20170602065932829
20170602065934264
20170602065935674
20170602065937208
20170602065938705
20170602065940303
20170602065941808
20170602065943242
20170602065944827
20170602065946334
20170602065947879
20170602065949276
20170602065950789
20170602065952293
20170602065953847
20170602065955297
20170602065956827
20170602065958319
20170602065959844
20170602070001350
20170602070002870
20170602070004390
20170602070005883
20170602070007266
20170602070008828
20170602070010346
20170602070011700
20170602070013256
20170602070014819
20170602070016331
20170602070017644
20170602070019181
20170602070020787
20170602070022312
20170602070023831
20170602070025397
20170602070026845
20170602070028347
20170602070029931
20170602070031407
20170602070032841
20170602070034308
20170602070035778
20170602070037208
20170602070038708
20170602070040126
20170602070041681
20170602070043224
20170602070044792
20170602070046292
20170602070047837
20170602070049273
20170602070050792
20170602070052323
20170602070053806
20170602070055330
20170602070056867
20170602070058338
20170602070059842
20170602070101274
20170602070102568
20170602070103927
20170602070105384
20170602070106631
20170602070108091
20170602070109599
20170602070111151
20170602070112720
20170602070114330
20170602070115809
20170602070117313
20170602070118873
20170602070120302
20170602070121799
20170602070123312
20170602070124814
20170602070126359
20170602070127890
20170602070129395
20170602070130904
20170602070132435
20170602070133909
20170602070135165
20170602070136639
20170602070138218
20170602070139652
20170602070141117
20170602070142640
20170602070143978
20170602070145317
20170602070146471
20170602070147989
20170602070149423
20170602070150808
20170602070152317
20170602070153801
20170602070155321
20170602070156853
20170602070158325
20170602070159826
20170602070201326
20170602070202828
20170602070204352
20170602070205890
20170602070207393
20170602070208915
20170602070210428
20170602070212019
20170602070213602
20170602070215165
20170602070216693
20170602070218215
20170602070219698
20170602070221204
20170602070222616
20170602070224176
20170602070225705
20170602070227200
20170602070228756
20170602070230239
20170602070231745
20170602070233246
20170602070234591
20170602070235675
20170602070237043
20170602070238489
20170602070240021
20170602070241529
20170602070242985
20170602070244527
20170602070246013
20170602070247499
20170602070249001
20170602070250487
20170602070251990
20170602070253414
20170602070254556
20170602070256052
20170602070257516
20170602070259038
20170602070300421
20170602070301944
20170602070303469
20170602070304921
20170602070306442
20170602070307934
20170602070309448
20170602070311035
20170602070312551
20170602070314010
20170602070315529
20170602070317064
20170602070318407
20170602070319744
20170602070321252
20170602070322835
20170602070324344
20170602070325826
20170602070327345
20170602070328774
20170602070330314
20170602070331682
20170602070333245
20170602070334720
20170602070336248
20170602070337719
20170602070339017
20170602070340390
20170602070341909
20170602070343430
20170602070344776
20170602070346320
20170602070347769
20170602070349279
20170602070350785
20170602070351968
20170602070352999
20170602070354584
20170602070356041
20170602070357570
20170602070359069
20170602070400564
20170602070402094
20170602070403551
20170602070405048
20170602070406536
20170602070407951
20170602070409400
20170602070410896
20170602070412347
20170602070413639
20170602070415186
20170602070416729
20170602070418290
20170602070419694
20170602070421160
20170602070422633
20170602070424179
20170602070425648
20170602070427142
20170602070428729
20170602070430200
20170602070431633
20170602070433141
20170602070434666
20170602070436076
20170602070437485
20170602070438883
20170602070440457
20170602070441866
20170602070443278
20170602070444802
20170602070446366
20170602070447912
20170602070449473
20170602070450905
20170602070452200
20170602070453602
20170602070455142
20170602070456690
20170602070458174
20170602070459601
20170602070500851
20170602070502268
20170602070503716
20170602070505201
20170602070506575
20170602070507859
20170602070509376
20170602070510942
20170602070512490
20170602070514000
20170602070515413
20170602070516832
20170602070518303
20170602070519803
20170602070521326
20170602070522786
20170602070524158
20170602070525477
20170602070526565
20170602070527969
20170602070529473
20170602070530977
20170602070532468
20170602070533964
20170602070535527
20170602070537034
20170602070538502
20170602070540034
20170602070541516
20170602070542931
20170602070544350
20170602070545828
20170602070547330
20170602070548787
20170602070550356
20170602070551851
20170602070553277
20170602070554776
20170602070556186
20170602070557753
20170602070559285
20170602070600776
20170602070602321
20170602070603903
20170602070605491
20170602070606997
20170602070608516
20170602070609901
20170602070611430
20170602070612939
20170602070614537
20170602070615828
20170602070616916
20170602070618328
20170602070619799
20170602070621370
20170602070622890
20170602070624365
20170602070625958
20170602070627338
20170602070628797
20170602070630333
20170602070631788
20170602070633290
20170602070634793
20170602070636337
20170602070637915
20170602070639465
20170602070641045
20170602070642341
20170602070643770
20170602070645286
20170602070646768
20170602070648333
20170602070649759
20170602070651091
20170602070652322
20170602070653874
20170602070655427
20170602070656830
20170602070658302
20170602070659778
20170602070701092
20170602070702556
20170602070704093
20170602070705624
20170602070707144
20170602070708604
20170602070709781
20170602070711277
20170602070712784
20170602070714294
20170602070715841
20170602070717132
20170602070718219
20170602070719638
20170602070721113
20170602070722618
20170602070724089
20170602070725509
20170602070726989
20170602070728383
20170602070729698
20170602070731234
20170602070732753
20170602070734316
20170602070735875
20170602070737327
20170602070738880
20170602070740327
20170602070741531
20170602070743040
20170602070744613
20170602070746165
20170602070747721
20170602070749107
20170602070750670
20170602070752135
20170602070753647
20170602070755205
20170602070756559
20170602070758146
20170602070759668
20170602070801174
20170602070802546
20170602070804105
20170602070805630
20170602070806838
20170602070807925
20170602070809482
20170602070811055
20170602070812578
20170602070814094
20170602070815593
20170602070817015
20170602070818194
20170602070819597
20170602070821103
20170602070822630
20170602070824167
20170602070825620
20170602070827086
20170602070828510
20170602070830051
20170602070831529
20170602070832972
20170602070834289
20170602070835887
20170602070837368
20170602070838666
20170602070839901
20170602070841311
20170602070842888
20170602070844421
20170602070845954
20170602070847257
20170602070848695
20170602070850082
20170602070851491
20170602070852971
20170602070854287
20170602070855846
20170602070857359
20170602070858818
20170602070900254
20170602070901778
20170602070903333
20170602070904942
20170602070906455
20170602070907963
20170602070909336
20170602070910864
20170602070912414
20170602070913903
20170602070915281
20170602070916580
20170602070918124
20170602070919693
20170602070921197
20170602070922650
20170602070923877
20170602070925268
20170602070926762
20170602070928214
20170602070929356
20170602070930565
20170602070932102
20170602070933486
20170602070934961
20170602070936498
20170602070937885
20170602070939378
20170602070940924
20170602070942497
20170602070943974
20170602070945384
20170602070946800
20170602070948292
20170602070949776
20170602070951313
20170602070952817
20170602070954140
20170602070955640
20170602070957100
20170602070958626
20170602071000165
20170602071001693
20170602071003192
20170602071004739
20170602071006301
20170602071007829
20170602071009401
20170602071010747
20170602071012140
20170602071013647
20170602071015103
20170602071016623
20170602071018210
20170602071019706
20170602071021213
20170602071022797
20170602071024245
20170602071025682
20170602071027033
20170602071028502
20170602071030071
20170602071031568
20170602071033004
20170602071034510
20170602071036038
20170602071037466
20170602071039024
20170602071040495
20170602071041923
20170602071043396
20170602071044949
20170602071046495
20170602071048064
20170602071049566
20170602071051107
20170602071052612
20170602071054118
20170602071055552
20170602071056965
20170602071058373
20170602071059866
20170602071101359
20170602071102797
20170602071104359
20170602071105714
20170602071107261
20170602071108765
20170602071110296
20170602071111880
20170602071113435
20170602071115007
20170602071116492
20170602071117958
20170602071119487
20170602071120945
20170602071122518
20170602071124044
20170602071125629
20170602071127142
20170602071128449
20170602071129537
20170602071131093
20170602071132599
20170602071134096
20170602071135616
20170602071137078
20170602071138498
20170602071140094
20170602071141558
20170602071143080
20170602071144552
20170602071145964
20170602071147505
20170602071148927
20170602071150083
20170602071151607
20170602071153167
20170602071154684
20170602071156209
20170602071157725
20170602071159223
20170602071200683
20170602071202205
20170602071203669
20170602071205066
20170602071206574
20170602071208029
20170602071209407
20170602071210874
20170602071212392
20170602071213871
20170602071215369
20170602071216814
20170602071218317
20170602071219788
20170602071221264
20170602071222812
20170602071224304
20170602071225776
20170602071227319
20170602071257749
20170602071259124
20170602071300203
20170602071301724
20170602071303304
20170602071304799
20170602071306295
20170602071307862
20170602071309394
20170602071310899
20170602071312419
20170602071313871
20170602071315352
20170602071316800
20170602071318359
20170602071319892
20170602071321384
20170602071322704
20170602071324071
20170602071325563
20170602071327052
20170602071328569
20170602071330066
20170602071331603
20170602071333127
20170602071334582
20170602071336109
20170602071337655
20170602071339163
20170602071340602
20170602071342086
20170602071343575
20170602071345057
20170602071346414
20170602071347893
20170602071349385
20170602071350751
20170602071352313
20170602071353805
20170602071355256
20170602071356763
20170602071358315
20170602071359761
20170602071401270
20170602071402678
20170602071404168
20170602071405659
20170602071407198
20170602071408716
20170602071410026
20170602071411581
20170602071413114
20170602071414633
20170602071416128
20170602071417701
20170602071419222
20170602071420762
20170602071422172
20170602071423466
20170602071424970
20170602071426482
20170602071428003
20170602071429455
20170602071430940
20170602071432391
20170602071433887
20170602071435375
20170602071436931
20170602071438480
20170602071439976
20170602071441375
20170602071442778
20170602071444130
20170602071445584
20170602071447095
20170602071448666
20170602071450171
20170602071451649
20170602071453117
20170602071454664
20170602071456212
20170602071457643
20170602071459168
20170602071500595
20170602071501960
20170602071503324
20170602071504896
20170602071506418
20170602071507944
20170602071509434
20170602071510965
20170602071512473
20170602071513963
20170602071515436
20170602071517014
20170602071518490
20170602071519886
20170602071521416
20170602071522934
20170602071524348
20170602071525888
20170602071527423
20170602071528867
20170602071530195
20170602071531636
20170602071533175
20170602071534707
20170602071536201
20170602071537692
20170602071539147
20170602071540709
20170602071542203
20170602071543673
20170602071545083
20170602071546274
20170602071547722
20170602071549305
20170602071550793
20170602071552296
20170602071553813
20170602071555326
20170602071556899
20170602071558332
20170602071559797
20170602071601280
20170602071602773
20170602071604199
20170602071605720
20170602071607234
20170602071608718
20170602071610218
20170602071611759
20170602071613230
20170602071614777
20170602071616277
20170602071617683
20170602071619166
20170602071620548
20170602071621662
20170602071623079
20170602071624594
20170602071626120
20170602071627583
20170602071629082
20170602071630629
20170602071632160
20170602071633733
20170602071635294
20170602071636811
20170602071638311
20170602071639850
20170602071641373
20170602071642922
20170602071644388
20170602071645831
20170602071647310
20170602071648831
20170602071650238
20170602071651781
20170602071653290
20170602071654854
20170602071656350
20170602071657863
20170602071659376
20170602071700864
20170602071702376
20170602071703862
20170602071705402
20170602071706818
20170602071708367
20170602071709846
20170602071711399
20170602071712834
20170602071714243
20170602071715815
20170602071717253
20170602071718743
20170602071720234
20170602071721765
20170602071723252
20170602071724786
20170602071726229
20170602071727730
20170602071729228
20170602071730781
20170602071732246
20170602071733603
20170602071734910
20170602071736364
20170602071737897
20170602071739346
20170602071740846
20170602071742395
20170602071743855
20170602071745317
20170602071746756
20170602071748304
20170602071749685
20170602071751236
20170602071752772
20170602071754294
20170602071755688
20170602071757223
20170602071758759
20170602071800226
20170602071801634
20170602071803193
20170602071804634
20170602071806164
20170602071807682
20170602071809131
20170602071810682
20170602071812220
20170602071813780
20170602071815272
20170602071816786
20170602071818235
20170602071819758
20170602071821251
20170602071822814
20170602071824291
20170602071825670
20170602071827226
20170602071828770
20170602071830267
20170602071831641
20170602071833125
20170602071834718
20170602071836189
20170602071837695
20170602071839259
20170602071840781
20170602071842355
20170602071843776
20170602071845202
20170602071846724
20170602071848270
20170602071849791
20170602071851298
20170602071852709
20170602071854118
20170602071855599
20170602071857126
20170602071858641
20170602071900163
20170602071901670
20170602071903106
20170602071904648
20170602071906194
20170602071907587
20170602071909117
20170602071910619
20170602071911989
20170602071913466
20170602071914958
20170602071916400
20170602071917820
20170602071919225
20170602071920463
20170602071921958
20170602071923453
20170602071924847
20170602071926376
20170602071927899
20170602071929441
20170602071930830
20170602071932322
20170602071933864
20170602071935349
20170602071936845
20170602071938352
20170602071939930
20170602071941343
20170602071942860
20170602071944359
20170602071945874
20170602071947265
20170602071948793
20170602071950286
20170602071951717
20170602071953211
20170602071954698
20170602071956161
20170602071957648
20170602071959060
20170602072000553
20170602072002002
20170602072003503
20170602072004873
20170602072006161
20170602072007675
20170602072009132
20170602072010590
20170602072012124
20170602072013441
20170602072015036
20170602072016421
20170602072017934
20170602072019420
20170602072020974
20170602072022313
20170602072023428
20170602072024498
20170602072026014
20170602072027500
20170602072028896
20170602072030415
20170602072031985
20170602072033407
20170602072034868
20170602072036291
20170602072037780
20170602072039202
20170602072040654
20170602072042053
20170602072043564
20170602072044948
20170602072046515
20170602072048028
20170602072049383
20170602072050492
20170602072052054
20170602072053542
20170602072055013
20170602072056537
20170602072058068
20170602072059538
20170602072100902
20170602072102377
20170602072103820
20170602072105364
20170602072106894
20170602072108361
20170602072109809
20170602072111308
20170602072112785
20170602072114319
20170602072115829
20170602072117309
20170602072118831
20170602072120422
20170602072121906
20170602072123291
20170602072124676
20170602072126105
20170602072127633
20170602072129130
20170602072130640
20170602072132124
20170602072133640
20170602072135197
20170602072136722
20170602072138163
20170602072139622
20170602072141113
20170602072142602
20170602072144022
20170602072145513
20170602072147000
20170602072148501
20170602072149934
20170602072151468
20170602072152961
20170602072154502
20170602072156047
20170602072157571
20170602072158996
20170602072200571
20170602072202064
20170602072203574
20170602072204916
20170602072206404
20170602072207890
20170602072209407
20170602072210944
20170602072212455
20170602072214045
20170602072215464
20170602072216955
20170602072218474
20170602072219945
20170602072221452
20170602072222875
20170602072224343
20170602072225626
20170602072227137
20170602072228605
20170602072230039
20170602072231554
20170602072232952
20170602072234493
20170602072235886
20170602072237345
20170602072238915
20170602072240477
20170602072241827
20170602072242984
20170602072244058
20170602072245450
20170602072246938
20170602072248425
20170602072249797
20170602072250930
20170602072252458
20170602072253854
20170602072255395
20170602072256922
20170602072258490
20170602072300005
20170602072301504
20170602072302996
20170602072304514
20170602072306055
20170602072307585
20170602072309006
20170602072310265
20170602072311792
20170602072313149
20170602072314641
20170602072316156
20170602072317752
20170602072319214
20170602072320787
20170602072322273
20170602072323726
20170602072325137
20170602072326626
20170602072328153
20170602072329640
20170602072331093
20170602072332488
20170602072333968
20170602072335513
20170602072337033
20170602072338559
20170602072340111
20170602072341627
20170602072342980
20170602072344163
20170602072345670
20170602072347178
20170602072348668
20170602072350018
20170602072351249
20170602072352720
20170602072354189
20170602072355666
20170602072357140
20170602072358563
20170602072400046
20170602072401545
20170602072403035
20170602072404506
20170602072406017
20170602072407495
20170602072409054
20170602072410497
20170602072412044
20170602072413542
20170602072414960
20170602072416452
20170602072417976
20170602072419539
20170602072421075
20170602072422639
20170602072424108
20170602072425499
20170602072426614
20170602072428049
20170602072429476
20170602072430928
20170602072432499
20170602072433959
20170602072435423
20170602072436955
20170602072438499
20170602072439987
20170602072441459
20170602072442974
20170602072444487
20170602072446025
20170602072447591
20170602072449100
20170602072450511
20170602072451994
20170602072453458
20170602072454928
20170602072456244
20170602072457725
20170602072459108
20170602072500590
20170602072502126
20170602072503614
20170602072505106
20170602072506641
20170602072508163
20170602072509671
20170602072511063
20170602072512345
20170602072513836
20170602072515336
20170602072516852
20170602072518328
20170602072519852
20170602072521367
20170602072522837
20170602072524428
20170602072525918
20170602072527478
20170602072528947
20170602072530439
20170602072531910
20170602072533427
20170602072534933
20170602072536401
20170602072537933
20170602072539447
20170602072540994
20170602072542565
20170602072544047
20170602072545529
20170602072547062
20170602072548599
20170602072550062
20170602072551621
20170602072553058
20170602072554481
20170602072555986
20170602072557472
20170602072558958
20170602072600444
20170602072601908
20170602072603415
20170602072604998
20170602072606523
20170602072608070
20170602072609610
20170602072611039
20170602072612548
20170602072614070
20170602072615609
20170602072616981
20170602072618090
20170602072619525
20170602072620997
20170602072622474
20170602072623906
20170602072625382
20170602072626828
20170602072628217
20170602072629691
20170602072631255
20170602072632719
20170602072634259
20170602072635684
20170602072637148
20170602072638554
20170602072639693
20170602072641132
20170602072642634
20170602072643829
20170602072644905
20170602072646387
20170602072647779
20170602072649345
20170602072650865
20170602072652410
20170602072653811
20170602072655377
20170602072656899
20170602072658374
20170602072659861
20170602072701370
20170602072702768
20170602072704264
20170602072705745
20170602072707303
20170602072708793
20170602072710219
20170602072711738
20170602072712971
20170602072714262
20170602072715785
20170602072717272
20170602072718825
20170602072720316
20170602072721855
20170602072723268
20170602072724766
20170602072726240
20170602072727758
20170602072729230
20170602072730660
20170602072731880
20170602072733451
20170602072735031
20170602072736593
20170602072737800
20170602072739320
20170602072740769
20170602072742274
20170602072743533
20170602072744613
20170602072746021
20170602072747460
20170602072748886
20170602072750349
20170602072751813
20170602072753186
20170602072754541
20170602072756081
20170602072757595
20170602072759126
20170602072800644
20170602072802151
20170602072803614
20170602072805023
20170602072806483
20170602072807971
20170602072809534
20170602072811077
20170602072812560
20170602072814121
20170602072815635
20170602072817061
20170602072818599
20170602072820149
20170602072821665
20170602072823250
20170602072824706
20170602072826180
20170602072827711
20170602072829212
20170602072830642
20170602072832126
20170602072833616
20170602072835126
20170602072836622
20170602072838206
20170602072839680
20170602072841205
20170602072842734
20170602072844207
20170602072845433
20170602072846965
20170602072848507
20170602072849991
20170602072851521
20170602072853025
20170602072854416
20170602072855916
20170602072857510
20170602072859034
20170602072900643
20170602072902119
20170602072903635
20170602072905065
20170602072906169
20170602072907744
20170602072909158
20170602072910732
20170602072912258
20170602072913840
20170602072915413
20170602072916928
20170602072918475
20170602072920047
20170602072921605
20170602072923047
20170602072924456
20170602072926033
20170602072927551
20170602072929085
20170602072930669
20170602072932172
20170602072933665
20170602072935167
20170602072936603
20170602072938039
20170602072939538
20170602072941107
20170602072942653
20170602072944034
20170602072945221
20170602072946727
20170602072948278
20170602072949761
20170602072951294
20170602072952892
20170602072954444
20170602072955974
20170602072957539
20170602072959085
20170602073000657
20170602073002183
20170602073003757
20170602073005349
20170602073006873
20170602073008444
20170602073009979
20170602073011594
20170602073013100
20170602073014465
20170602073015895
20170602073017411
20170602073018947
20170602073020359
20170602073021878
20170602073023431
20170602073024955
20170602073026332
20170602073027647
20170602073029156
20170602073030648
20170602073032141
20170602073033770
20170602073035254
20170602073036755
20170602073038272
20170602073039826
20170602073041280
20170602073042835
20170602073044344
20170602073045701
20170602073047226
20170602073048617
20170602073050099
20170602073051715
20170602073053220
20170602073054822
20170602073056390
20170602073057880
20170602073059434
20170602073100941
20170602073102419
20170602073103672
20170602073105248
20170602073106675
20170602073108231
20170602073109741
20170602073111247
20170602073112751
20170602073114333
20170602073115855
20170602073117397
20170602073118960
20170602073120386
20170602073121787
20170602073123352
20170602073124885
20170602073126318
20170602073127734
20170602073129308
20170602073130785
20170602073132281
20170602073133617
20170602073134983
20170602073136513
20170602073138057
20170602073139648
20170602073141182
20170602073142705
20170602073144150
20170602073145687
20170602073147181
20170602073148706
20170602073150236
20170602073151753
20170602073153055
20170602073154480
20170602073156027
20170602073157605
20170602073159187
20170602073200716
20170602073202145
20170602073203697
20170602073205266
20170602073206631
20170602073207782
20170602073209187
20170602073210770
20170602073212264
20170602073213836
20170602073215351
20170602073216806
20170602073218295
20170602073219822
20170602073221354
20170602073222914
20170602073224467
20170602073226070
20170602073227622
20170602073229094
20170602073230534
20170602073232054
20170602073233626
20170602073235126
20170602073236613
20170602073238177
20170602073239760
20170602073241323
20170602073242868
20170602073244371
20170602073245904
20170602073247452
20170602073249028
20170602073250344
20170602073251885
20170602073253408
20170602073254955
20170602073256518
20170602073258025
20170602073259577
20170602073301146
20170602073302678
20170602073304255
20170602073305822
20170602073307346
20170602073308891
20170602073310430
20170602073312002
20170602073313566
20170602073314917
20170602073316416
20170602073317798
20170602073318960
20170602073320542
20170602073322005
20170602073323517
20170602073325047
20170602073326577
20170602073328071
20170602073329559
20170602073331022
20170602073332583
20170602073334144
20170602073335650
20170602073337259
20170602073338744
20170602073340253
20170602073341837
20170602073343288
20170602073344870
20170602073346379
20170602073347986
20170602073349509
20170602073351038
20170602073352459
20170602073353895
20170602073355431
20170602073356882
20170602073358492
20170602073359947
20170602073401484
20170602073403024
20170602073404380
20170602073405973
20170602073407510
20170602073409106
20170602073410675
20170602073412182
20170602073413747
20170602073415272
20170602073416780
20170602073418267
20170602073419825
20170602073421367
20170602073422920
20170602073424380
20170602073425862
20170602073427384
20170602073428999
20170602073430523
20170602073432075
20170602073433544
20170602073435016
20170602073436506
20170602073438086
20170602073439635
20170602073441252
20170602073442814
20170602073444377
20170602073445917
20170602073447454
20170602073449017
20170602073450632
20170602073452191
20170602073453660
20170602073455225
20170602073456783
20170602073458330
20170602073459846
20170602073501320
20170602073502829
20170602073504420
20170602073506039
20170602073507573
20170602073509165
20170602073510697
20170602073512249
20170602073513777
20170602073515210
20170602073516790
20170602073518382
20170602073519944
20170602073521472
20170602073522925
20170602073524513
20170602073526047
20170602073527547
20170602073528932
20170602073530462
20170602073532024
20170602073533588
20170602073535087
20170602073536657
20170602073538084
20170602073539505
20170602073541039
20170602073542597
20170602073544161
20170602073545705
20170602073547282
20170602073548711
20170602073550304
20170602073551836
20170602073553455
20170602073554895
20170602073556498
20170602073558116
20170602073559578
20170602073601175
20170602073602722
20170602073604264
20170602073605736
20170602073607266
20170602073608771
20170602073610220
20170602073611747
20170602073613311
20170602073614888
20170602073616420
20170602073618034
20170602073619558
20170602073621092
20170602073622685
20170602073624241
20170602073625782
20170602073627327
20170602073628868
20170602073630459
20170602073632020
20170602073633568
20170602073635110
20170602073636699
20170602073638279
20170602073639825
20170602073641391
20170602073642902
20170602073644481
20170602073645918
20170602073647435
20170602073649020
20170602073650537
20170602073652099
20170602073653563
20170602073655175
20170602073656742
20170602073658272
20170602073659776
20170602073701280
20170602073702858
20170602073704386
20170602073705959
20170602073707503
20170602073709115
20170602073710697
20170602073712207
20170602073713800
20170602073715329
20170602073716732
20170602073718260
20170602073719790
20170602073721323
20170602073722937
20170602073724469
20170602073726000
20170602073727445
20170602073729037
20170602073730624
20170602073732122
20170602073733589
20170602073735189
20170602073736700
20170602073738269
20170602073739853
20170602073741444
20170602073742984
20170602073744514
20170602073746071
20170602073747547
20170602073749127
20170602073750338
20170602073751871
20170602073753408
20170602073754855
20170602073756271
20170602073757717
20170602073759241
20170602073800709
20170602073802240
20170602073803769
20170602073805191
20170602073806590
20170602073808071
20170602073809684
20170602073811259
20170602073812803
20170602073814055
20170602073815641
20170602073817184
20170602073818679
20170602073820209
20170602073821806
20170602073823374
20170602073824772
20170602073826320
20170602073827720
20170602073829291
20170602073830778
20170602073832283
20170602073833842
20170602073835430
20170602073836997
20170602073838525
20170602073839949
20170602073841458
20170602073843015
20170602073844539
20170602073846052
20170602073847519
20170602073849029
20170602073850583
20170602073852152
20170602073853571
20170602073855115
20170602073856624
20170602073858121
20170602073859561
20170602073901094
20170602073902629
20170602073904179
20170602073905653
20170602073907211
20170602073908764
20170602073910213
20170602073911602
20170602073912963
20170602073914504
20170602073916086
20170602073917677
20170602073919218
20170602073920759
20170602073922324
20170602073923861
20170602073925379
20170602073926827
20170602073928381
20170602073929977
20170602073931562
20170602073933048
20170602073934647
20170602073936253
20170602073937788
20170602073939338
20170602073940917
20170602073942509
20170602073944024
20170602073945526
20170602073947141
20170602073948655
20170602073950221
20170602073951690
20170602073953218
20170602073954762
20170602073956336
20170602073957904
20170602073959479
