20170602061002943
20170602061004424
20170602061007439
20170602061008966
20170602061008966b
20170602061008966c
20170602061016329c
20170602061017839
20170602061019343
20170602061020820
20170602061025163
20170602061025163b
20170602061025163c
20170602061026557
20170602061029600
20170602061029600b
20170602061029600c
20170602061031087
20170602061031087b
20170602061034135
20170602061034135b
20170602061036978
20170602061038415
20170602061045647
20170602061045647b
20170602061048534
20170602061052901
20170602061055444
20170602061056890
20170602061104344
20170602061104344b
20170602061105871
20170602061105871b
20170602061108829
20170602061117660
20170602061122127
20170602061123670
20170602061125140
20170602061125140b
20170602061126645
20170602061128128
20170602061128128b
20170602061137032
20170602061137032b
20170602061137032c
20170602061140028
20170602061143035
20170602061143035b
20170602061144555b
20170602061144555c
20170602061146045
20170602061147515
20170602061147515b
20170602061150411
20170602061157795
20170602061159353
20170602061200757
20170602061200757c
20170602061211271
20170602061212604
20170602061214079
20170602061218413
20170602061219899
20170602061219899b
20170602061230334
20170602061233357
20170602061237823
20170602061240808
20170602061242168
20170602061247907
20170602061305339
20170602061309845
20170602061317320
20170602061320306
20170602061324753
20170602061329107
20170602061339554
20170602061342600
20170602061345666
20170602061355883
20170602061357354
20170602061357354a
20170602061357354b
20170602061358728
20170602061400142
20170602061400142b
20170602061401679
20170602061403234
20170602061403234b
20170602061403234c
20170602061404748
20170602061406188
20170602061408389
20170602061411418
20170602061415898
20170602061420276
20170602061421800
20170602061423178
20170602061424469
20170602061426028
20170602061426028b
20170602061427516
20170602061427516b
20170602061427516c
20170602061435028
20170602061437923
20170602061439455
20170602061440987
20170602061442458
20170602061443906
20170602061443906b
20170602061445383
20170602061448294
20170602061449791b
20170602061451303
20170602061451303b
20170602061454171
20170602061455653
20170602061501589
20170602061503113
20170602061510413
20170602061514818
20170602061514818b
20170602061524706
20170602061526207
20170602061530760
20170602061538061
20170602061540969
20170602061542344
20170602061543732
20170602061548200
20170602061549660
20170602061549660b
20170602061554132
20170602061558636
20170602061600217
20170602061602990
20170602061607499
20170602061607499b
20170602061609015
20170602061610436
20170602061610436b
20170602061611880
20170602061614776
20170602061619049
20170602061619049b
20170602061623445
20170602061624930
20170602061626466
20170602061627901
20170602061627901b
20170602061629447
20170602061633712
20170602061635093
20170602061635093b
20170602061638118
20170602061639621
20170602061650200
20170602061659158
20170602061702173
20170602061705175
20170602061714135
20170602061714135b
20170602061716995
20170602061718533
20170602061718533b
20170602061725888
20170602061725888b
20170602061737864
20170602061739386
20170602061739386b
20170602061748197
20170602061752730
20170602061758651
20170602061802974
20170602061811695
20170602061811695b
20170602061813199
20170602061813199b
20170602061813199c
20170602061816167
20170602061819108
20170602061819108b
20170602061820605
20170602061827509
20170602061833454b
20170602061836463
20170602061842326
20170602061848212
20170602061848212b
20170602061852662
20170602061852662b
20170602061854136
20170602061855651
20170602061858574
20170602061904256
20170602061905707
20170602061908653
20170602061910042
20170602061915997
20170602061917322
20170602061918729
20170602061918729b
20170602061920223b
20170602061924538
20170602061927380
20170602061931654
20170602061931654c
20170602061933103
20170602061933103b
20170602061937591?
20170602061941904
20170602061943373
20170602061944864
20170602061947608
20170602061950468
20170602061950468b
20170602061953325
20170602061956353
20170602061956353b
20170602062000895
20170602062003859
20170602062003859b
20170602062003859c
20170602062003859d
20170602062008191
20170602062008191b
20170602062018310
20170602062021299
20170602062025525
20170602062026965
20170602062028074
20170602062029545
20170602062029545b
20170602062030833
20170602062033749
20170602062033749b
20170602062033749c
20170602062035204
20170602062035204b
20170602062035204c
20170602062036766
20170602062038200
20170602062041095
20170602062041095bb
20170602062052754b
20170602062100129
20170602062100129c
20170602062106874
20170602062110468
20170602062111972
20170602062116427
20170602062119394
20170602062122329
20170602062137503
20170602062143371a
20170602062143371b
20170602062144781
20170602062201976
20170602062209288a
20170602062209288b
20170602062237045
20170602062241343
20170602062301635
20170602062317159
20170602062339282
20170602062356490
20170602062436613
20170602062442653
20170602062448618
20170602062454587
20170602062520889
20170602062528136
20170602062549266
20170602062613179
20170602062617767
20170602062635426
20170602062652702a
20170602062817326
20170602062826274
20170602062927185
20170602062928722
20170602062930053
20170602062939077
20170602062941868
20170602062943424
20170602063010511
20170602063047446
20170602063118564
20170602063153826
20170602063213128
20170602063235261
20170602063323620
20170602063334094
20170602063341594
20170602063343120
20170602063353024
20170602063423825
20170602063635036
20170602063650880
20170602063659367
20170602063702241
20170602063712554
20170602063814331
20170602063820240
20170602063829097
20170602064023885
20170602064036867
20170602064102916
20170602064110305
20170602064233009
20170602064234548
20170602064256536
20170602064309110
20170602064355598
20170602064400008
20170602064440444
20170602064453722
20170602064549740
20170602064616656
20170602064645052
20170602064800919
20170602064805428
20170602064848694
20170602064942972
20170602064945867
20170602065020396
20170602065121911
20170602065133985
20170602065159106
20170602065318558
20170602065341246
20170602065345768
20170602065450460
20170602065630184
20170602065720987
20170602065743589
20170602065852764
20170602065913504
20170602070246013
20170602070317064
20170602070722618
20170602070755205
20170602070818194
20170602070926762
20170602071407198
20170602071428003
20170602071730781
20170602071834718
20170602071846724
20170602071910619
20170602072227137
20170602072502126
20170602072659861
20170602073249028
20170602073308891
20170602073322005
20170602073329559
20170602073856624
st10Around.txt
