photos
20170531074319971
20170531074321498
20170531074322762
20170531074324152
20170531074325248
20170531074326686
20170531074328155
20170531074329444
20170531074330854
20170531074332349
20170531074333798
20170531074335230
20170531074336511
20170531074337899
20170531074339413
20170531074340779
20170531074342229
20170531074343616
20170531074344965
20170531074346214
20170531074347740
20170531074349177
20170531074350624
20170531074353509
20170531074355030
20170531074356510
20170531074358006
20170531074359508
20170531074400994
20170531074402391
20170531074403865
20170531074405339
20170531074406831
20170531074408309
20170531074409730
20170531074411101
20170531074412501
20170531074413814
20170531074415288
20170531074416610
20170531074418109
20170531074419517
20170531074420990
20170531074422430


20170531074423896
20170531074425195
20170531074426700
20170531074428104
20170531074429621
20170531074430912
20170531074432384
20170531074433747
20170531074434826
20170531074436257
20170531074437791
20170531074439291
20170531074440770
20170531074442101
20170531074443193
20170531074444541
20170531074445625
20170531074446990
20170531074448454
20170531074449670
20170531074450705
20170531074451957
20170531074453344
20170531074454442
20170531074455844
20170531074457291
20170531074458691
20170531074500234
20170531074501733
20170531074503112
20170531074504594
20170531074506053
20170531074507515
20170531074508789
20170531074510257
20170531074511737
20170531074540378
20170531074541752
20170531074542816
20170531074544234
20170531074545675
20170531074547118
20170531074548611
20170531074549950
20170531074551453
20170531074552954
20170531074554395
20170531074555896
20170531074557335
20170531074558776
20170531074600329
20170531074601739
20170531074603163
20170531074604691
20170531074606124
20170531074607572
20170531074608934
20170531074610198
20170531074611597
20170531074612788
20170531074614307
20170531074615700
20170531074617193
20170531074618697
20170531074620073
20170531074621539
20170531074622924
20170531074624293
20170531074625360
20170531074626425
20170531074627870
20170531074629267
20170531074630785
20170531074632172
20170531074633560
20170531074634718
20170531074636058
20170531074637536
20170531074639033
20170531074640395
20170531074641671
20170531074643131
20170531074644521
20170531074645724
20170531074647214
20170531074648535
20170531074649976
20170531074651457
20170531074652746
20170531074654210
20170531074655461
20170531074656918
20170531074658285
20170531074659419
20170531074700785
20170531074701905
20170531074703052
20170531074704467
20170531074705789
20170531074707114
20170531074708585
20170531074709961
20170531074711323
20170531074712417
20170531074713742
20170531074715223
20170531074716746
20170531074718191
20170531074719637
20170531074721131
20170531074722490
20170531074723869
20170531074725182
20170531074726622
20170531074727812
20170531074728839
20170531074730102
20170531074731551
20170531074732920
20170531074734304
20170531074735512
20170531074736979
20170531074738514
20170531074739935
20170531074741389
20170531074742886
20170531074744285
20170531074745765
20170531074747229
20170531074748719
20170531074750249
20170531074751789
20170531074753321
20170531074754739
20170531074755877
20170531074756915
20170531074758335
20170531074759795
20170531074801237
20170531074802658
20170531074803805
20170531074805217
20170531074806738
20170531074808241
20170531074809641
20170531074810911
20170531074812260
20170531074813701
20170531074815173
20170531074816639
20170531074818119
20170531074819584
20170531074821079
20170531074822301
20170531074823740
20170531074824937
20170531074825994
20170531074827334
20170531074828822
20170531074830212
20170531074831709
20170531074833045
20170531074834491
20170531074835877
20170531074837311
20170531074838661
20170531074840093
20170531074841199
20170531074842262
20170531074843638
20170531074844937
20170531074846316
20170531074847832
20170531074849218
20170531074850707
20170531074852231
20170531074853682
20170531074855122
20170531074856597
20170531074858088
20170531074859469
20170531074900944
20170531074902389
20170531074903831
20170531074904983
20170531074906354
20170531074907707
20170531074909099
20170531074910444
20170531074911500
20170531074912828
20170531074914355
20170531074915830
20170531074917222
20170531074918249
20170531074919728
20170531074921098
20170531074922475
20170531074923943
20170531074925442
20170531074926913
20170531074928242
20170531074929632
20170531074931103
20170531074932520
20170531074933573
20170531074934536
20170531074935390
20170531074936192
20170531074936929
20170531074937587
20170531074939038
20170531074940172
20170531074941247
20170531074942686
20170531074944078
20170531074945330
20170531074946887
20170531074948381
20170531074949833
20170531074951393
20170531074952809
20170531074954151
20170531074955279
20170531074956647
20170531074957973
20170531074959193
20170531075000608
20170531075002063
20170531075003493
20170531075004976
20170531075006404
20170531075007913
20170531075009393
20170531075010771
20170531075012250
20170531075013666
20170531075015061
20170531075016422
20170531075017903
20170531075019044
20170531075020482
20170531075021963
20170531075023462
20170531075024958
20170531075026384
20170531075027881
20170531075029405
20170531075030653
20170531075031699
20170531075033157
20170531075034629
20170531075036147
20170531075037643
20170531075039067
20170531075040430
20170531075041879
20170531075043282
20170531075044839
20170531075046305
20170531075047859
20170531075049348
20170531075050799
20170531075052194
20170531075053587
20170531075054992
20170531075056440
20170531075057918
20170531075059193
20170531075100587
20170531075101655
20170531075102609
20170531075103998
20170531075105257
20170531075106730
20170531075108209
20170531075109684
20170531075111048
20170531075112561
20170531075114086
20170531075115565
20170531075117080
20170531075118405
20170531075119733
20170531075120903
20170531075121943
20170531075123224
20170531075124705
20170531075126164
20170531075127710
20170531075129142
20170531075130619
20170531075132105
20170531075133508
20170531075134829
20170531075136055
20170531075137146
20170531075138578
20170531075140079
20170531075141563
20170531075143026
20170531075144455
20170531075145893
20170531075147407
20170531075148915
20170531075150416
20170531075151871
20170531075153199
20170531075154318
20170531075155310
20170531075156398
20170531075157932
20170531075159373
20170531075200770
20170531075202162
20170531075203307
20170531075204621
20170531075206082
20170531075207507
20170531075208847
20170531075210202
20170531075211502
20170531075212906
20170531075214398
20170531075215828
20170531075217020
20170531075218039
20170531075219308
20170531075220847
20170531075222333
20170531075223750
20170531075225263
20170531075226768
20170531075228254
20170531075229655
20170531075231219
20170531075232703
20170531075234184
20170531075235665
20170531075237231
20170531075238694
20170531075240212
20170531075241613
20170531075243120
20170531075244642
20170531075246014
20170531075247493
20170531075248978
20170531075250372
20170531075251894
20170531075253385
20170531075254783
20170531075256029
20170531075257577
20170531075258872
20170531075300262
20170531075301544
20170531075303061
20170531075304462
20170531075305933
20170531075307403
20170531075308855
20170531075310308
20170531075311770
20170531075313287
20170531075314656
20170531075315849
20170531075316922
20170531075317993
20170531075319161
20170531075320658
20170531075321886
20170531075322959
20170531075324416
20170531075325579
20170531075326676
20170531075328099
20170531075329609
20170531075331131
20170531075332661
20170531075334074
20170531075335566
20170531075336971
20170531075338414
20170531075339870
20170531075341311
20170531075342888
20170531075344182
20170531075345239
20170531075346276
20170531075347748
20170531075349238
20170531075350689
20170531075352053
20170531075353538
20170531075354948
20170531075356439
20170531075357929
20170531075359485
20170531075400994
20170531075402446
20170531075403922
20170531075405412
20170531075406576
20170531075407679
20170531075409249
20170531075410752
20170531075412324
20170531075413735
20170531075415207
20170531075416619
20170531075418048
20170531075419492
20170531075420880
20170531075422278
20170531075423725
20170531075424865
20170531075426260
20170531075427808
20170531075429343
20170531075430772
20170531075432202
20170531075433631
20170531075434890
20170531075436433
20170531075437874
20170531075439389
20170531075440909
20170531075442427
20170531075443919
20170531075445438
20170531075446893
20170531075448336
20170531075449861
20170531075451287
20170531075452404
20170531075453830
20170531075454994
20170531075455992
20170531075456836
20170531075458228
20170531075459688
20170531075501209
20170531075502686
20170531075504178
20170531075505650
20170531075507146
20170531075508671
20170531075510155
20170531075511729
20170531075513242
20170531075514471
20170531075515833
20170531075517292
20170531075518756
20170531075520224
20170531075521700
20170531075523216
20170531075524686
20170531075526209
20170531075527601
20170531075529014
20170531075530359
20170531075531399
20170531075532885
20170531075534345
20170531075535628
20170531075536706
20170531075538088
20170531075539197
20170531075540550
20170531075541996
20170531075543489
20170531075544644
20170531075545729
20170531075547241
20170531075548434
20170531075549916
20170531075551430
20170531075552891
20170531075554420
20170531075555932
20170531075557122
20170531075558410
20170531075559701
20170531075601239
20170531075602547
20170531075603608
20170531075604554
20170531075605399
20170531075606149
20170531075607657
20170531075609067
20170531075610607
20170531075611845
20170531075613373
20170531075614741
20170531075616325
20170531075617755
20170531075618948
20170531075620292
20170531075621559
20170531075623010
20170531075624466
20170531075625820
20170531075627227
20170531075628638
20170531075630157
20170531075631729
20170531075633260
20170531075634642
20170531075636116
20170531075637638
20170531075639108
20170531075640541
20170531075641989
20170531075643427
20170531075644690
20170531075646186
20170531075647749
20170531075649181
20170531075650625
20170531075652110
20170531075653536
20170531075654876
20170531075656364
20170531075657887
20170531075659455
20170531075700834
20170531075729700
20170531075731171
20170531075732590
20170531075733794
20170531075734817
20170531075736169
20170531075737639
20170531075739028
20170531075740489
20170531075742011
20170531075743487
20170531075744981
20170531075746498
20170531075748053
20170531075749571
20170531075751062
20170531075752480
20170531075753633
20170531075754635
20170531075755988
20170531075757368
20170531075758941
20170531075800406
20170531075801870
20170531075803326
20170531075804823
20170531075806173
20170531075807664
20170531075809071
20170531075810302
20170531075811819
20170531075813155
20170531075814721
20170531075816214
20170531075817618
20170531075819080
20170531075820558
20170531075821921
20170531075823453
20170531075824886
20170531075826301
20170531075827737
20170531075829151
20170531075830626
20170531075832181
20170531075833620
20170531075835073
20170531075836457
20170531075837906
20170531075839474
20170531075840950
20170531075842391
20170531075843929
20170531075845383
20170531075846902
20170531075848391
20170531075849926
20170531075851300
20170531075852769
20170531075853952
20170531075855501
20170531075856883
20170531075858356
20170531075859922
20170531075901417
20170531075902922
20170531075904359
20170531075905884
20170531075907401
20170531075935212
20170531075936338


20170531075937289
20170531075938805
20170531075940122
20170531075941550
20170531075942931
20170531075944258
20170531075945644
20170531075947158
20170531075948627
20170531075949831
20170531075951296
20170531075952587
20170531075953648
20170531075955043
20170531075956596
20170531075958083
20170531075959639
20170531080001197
20170531080002536
20170531080004144
20170531080005555
20170531080007031
20170531080008357
20170531080009838
20170531080011344
20170531080012895
20170531080014344
20170531080015796
20170531080017321
20170531080018773
20170531080020188
20170531080021339
20170531080022354
20170531080023468
20170531080025046
20170531080026545
20170531080027980
20170531080029489
20170531080031034
20170531080032410
20170531080033688
20170531080035189
20170531080036496
20170531080037551
20170531080038909
20170531080040370
20170531080041875
20170531080043293
20170531080044707
20170531080046209
20170531080047706
20170531080049047
20170531080050498
20170531080052011
20170531080053530
20170531080054944
20170531080056055
20170531080057069
20170531080058628
20170531080100093
20170531080101500
20170531080102682
20170531080104265
20170531080105607
20170531080106886
20170531080108370
20170531080109718
20170531080111218
20170531080112716
20170531080114262
20170531080115629
20170531080117162
20170531080118677
20170531080120081
20170531080121169
20170531080122630
20170531080124114
20170531080125514
20170531080126739
20170531080128295
20170531080129822
20170531080131261
20170531080132525
20170531080134051
20170531080135452
20170531080136929
20170531080138337
20170531080139528
20170531080140973
20170531080142502
20170531080143983
20170531080145518
20170531080147055
20170531080148577
20170531080150055
20170531080151316
20170531080152788
20170531080154250
20170531080155810
20170531080157130
20170531080158177
20170531080159380
20170531080200700
20170531080202108
20170531080203607
20170531080205134
20170531080206451
20170531080207989
20170531080209529
20170531080211024
20170531080212404
20170531080213804
20170531080215130
20170531080216657
20170531080218216
20170531080219640
20170531080220930
20170531080222276
20170531080223807
20170531080225364
20170531080226770
20170531080228188
20170531080229640
20170531080231006
20170531080232417
20170531080233588
20170531080234630
20170531080236090
20170531080237603
20170531080238918
20170531080240216
20170531080241604
20170531080243116
20170531080244673
20170531080246232
20170531080247664
20170531080249116
20170531080250647
20170531080252100
20170531080253523
20170531080254817
20170531080256239
20170531080257555
20170531080259087
20170531080300591
20170531080302044
20170531080303605
20170531080305085
20170531080306404
20170531080307960
20170531080309498
20170531080310976
20170531080312281
20170531080313311
20170531080314245
20170531080315415
20170531080316586
20170531080317974
20170531080319189
20170531080320529
20170531080322004
20170531080323563
20170531080325002
20170531080326415
20170531080327923
20170531080329445
20170531080331031
20170531080332548
20170531080334051
20170531080335555
20170531080337014
20170531080338499
20170531080339878
20170531080341357
20170531080342661
20170531080344197
20170531080345710
20170531080347261
20170531080348782
20170531080350157
20170531080351215
20170531080352708
20170531080354224
20170531080355649
20170531080357092
20170531080358636
20170531080400013
20170531080401469
20170531080403037
20170531080404624
20170531080406041
20170531080407599
20170531080409071
20170531080410569
20170531080412021
20170531080413297
20170531080414777
20170531080415992
20170531080417399
20170531080418573
20170531080419608
20170531080420851
20170531080422264
20170531080423559
20170531080424701
20170531080425773
20170531080427198
20170531080428567
20170531080429994
20170531080431399
20170531080432805
20170531080434278
20170531080435786
20170531080437252
20170531080438782
20170531080440364
20170531080441870
20170531080443318
20170531080444545
20170531080446026
20170531080447500
20170531080448942
20170531080450354
20170531080451765
20170531080453228
20170531080454685
20170531080455867
20170531080457420
20170531080458843
20170531080500016
20170531080501447
20170531080502723
20170531080504166
20170531080505638
20170531080506962
20170531080508421
20170531080509809
20170531080511131
20170531080512478
20170531080513958
20170531080515488
20170531080517022
20170531080518315
20170531080519882
20170531080521345
20170531080522889
20170531080524339
20170531080525840
20170531080527153
20170531080528205
20170531080529558
20170531080530839
20170531080532236
20170531080533681
20170531080535043
20170531080536336
20170531080537754
20170531080538901
20170531080540319
20170531080541738
20170531080543292
20170531080544825
20170531080546372
20170531080547901
20170531080549452
20170531080550814
20170531080552352
20170531080553838
20170531080555375
20170531080556859
20170531080558364
20170531080559756
20170531080601175
20170531080602466
20170531080603630
20170531080604631
20170531080606056
20170531080607561
20170531080608891
20170531080610306
20170531080611603
20170531080613023
20170531080614425
20170531080615875
20170531080617266
20170531080618748
20170531080620301
20170531080621803
20170531080623137
20170531080624433
20170531080625925
20170531080627434
20170531080628945
20170531080630231
20170531080631547
20170531080632769
20170531080634297
20170531080635783
20170531080637287
20170531080638765
20170531080640177
20170531080641748
20170531080643271
20170531080644690
20170531080646115
20170531080647549
20170531080648669
20170531080649834
20170531080651341
20170531080652823
20170531080654315
20170531080655775
20170531080656954
20170531080658441
20170531080659954
20170531080701365
20170531080702839
20170531080704352
20170531080705886
20170531080707273
20170531080708539
20170531080709812
20170531080711110
20170531080712623
20170531080713832
20170531080715224
20170531080716600
20170531080718001
20170531080719521
20170531080720997
20170531080722440
20170531080723677
20170531080725066
20170531080726107
20170531080727662
20170531080729190
20170531080730726
20170531080732309
20170531080733751
20170531080735320
20170531080736851
20170531080738302
20170531080739432
20170531080740553
20170531080742051
20170531080743545
20170531080744839
20170531080746376
20170531080747972
20170531080749535
20170531080751058
20170531080752582
20170531080754095
20170531080755467
20170531080756943
20170531080758257
20170531080759461
20170531080800820
20170531080802280
20170531080803696
20170531080805195
20170531080806617
20170531080808107
20170531080809612
20170531080811092
20170531080812626
20170531080814122
20170531080815706
20170531080817192
20170531080818560
20170531080819703
20170531080821108
20170531080822231
20170531080823318
20170531080824646
20170531080826101
20170531080827400
20170531080828542
20170531080830127
20170531080831425
20170531080832849
20170531080834381
20170531080835791
20170531080837006
20170531080838511
20170531080840027
20170531080841434
20170531080842933
20170531080844450
20170531080845689
20170531080846771
20170531080848013
20170531080849342
20170531080850593
20170531080851683
20170531080853070
20170531080854110
20170531080855100
20170531080856650
20170531080858183
20170531080859670
20170531080901204
20170531080902469
20170531080903832
20170531080905002
20170531080906051
20170531080907500
20170531080908941
20170531080910316
20170531080911871
20170531080913313
20170531080914862
20170531080916305
20170531080917832
20170531080919366
20170531080920861
20170531080922335
20170531080923806
20170531080925266
20170531080926779
20170531080928334
20170531080929815
20170531080931259
20170531080932657
20170531080934015
20170531080935498
20170531080936797
20170531080937880
20170531080939205
20170531080940657
20170531080942018
20170531080943259
20170531080944747
20170531080946267
20170531080947724
20170531080949236
20170531080950666
20170531080951798
20170531080953402
20170531080954893
20170531080956437
20170531080957933
20170531080959117
20170531081000584
20170531081001762
20170531081002839
20170531081004372
20170531081005783
20170531081007195
20170531081008664
20170531081010103
20170531081011486
20170531081013006
20170531081014425
20170531081015597
20170531081016936
20170531081018253
20170531081019643
20170531081021112
20170531081022659
20170531081024193
20170531081025637
20170531081027052
20170531081028465
20170531081029934
20170531081031487
20170531081032972
20170531081034358
20170531081035608
20170531081036986
20170531081038114
20170531081039103
20170531081040596
20170531081042120
20170531081043679
20170531081044874
20170531081046369
20170531081047965
20170531081049512
20170531081050925
20170531081052339
20170531081053750
20170531081054896
20170531081056175
20170531081057659
20170531081059232
20170531081100772
20170531081102226
20170531081103681
20170531081105222
20170531081106767
20170531081108251
20170531081109807
20170531081111293
20170531081112800
20170531081114359
20170531081115894
20170531081117048
20170531081118498
20170531081120043
20170531081121498
20170531081122911
20170531081124070
20170531081125590
20170531081126887
20170531081127958
20170531081128882
20170531081129760
20170531081130631
20170531081132087
20170531081133591
20170531081135013
20170531081136331
20170531081137853
20170531081139373
20170531081140797
20170531081142089
20170531081143557
20170531081144992
20170531081146519
20170531081147916
20170531081148951
20170531081150395
20170531081151856
20170531081153244
20170531081154567
20170531081156099
20170531081157579
20170531081158942
20170531081200350
20170531081201766
20170531081202909
20170531081204334
20170531081205876
20170531081207399
20170531081208913
20170531081210416
20170531081211906
20170531081213383
20170531081214891
20170531081216356
20170531081217473
20170531081218967
20170531081220504
20170531081222046
20170531081223502
20170531081224918
20170531081226415
20170531081227790
20170531081229297
20170531081230771
20170531081232291
20170531081233795
20170531081235117
20170531081236529
20170531081237788
20170531081239169
20170531081240320
20170531081241838
20170531081243347
20170531081244881
20170531081246442
20170531081247965
20170531081249423
20170531081250972
20170531081252469
20170531081253728
20170531081255282
20170531081256754
20170531081258136
20170531081259592
20170531081300956
20170531081302067
20170531081303519
20170531081305010
20170531081306517
20170531081308043
20170531081309395
20170531081310854
20170531081312023
20170531081313045
20170531081314207
20170531081315706
20170531081317178
20170531081318682
20170531081320187
20170531081321539
20170531081322681
20170531081323868
20170531081325395
20170531081326779
20170531081328026
20170531081329507
20170531081331005
20170531081332425
20170531081333890
20170531081335287
20170531081336713
20170531081338127
20170531081339654


20170531081341213
20170531081342653
20170531081344068
20170531081345584
20170531081347132
20170531081348524
20170531081350105
20170531081351584
20170531081352990
20170531081354538
20170531081356043
20170531081357554
20170531081359077
20170531081400561
20170531081402029
20170531081403200
20170531081404244
20170531081405727
20170531081407251
20170531081408505
20170531081410065
20170531081411606
20170531081413036
20170531081414250
20170531081415783
20170531081417281
20170531081418679
20170531081420081
20170531081421377
20170531081422460
20170531081423547
20170531081424933
20170531081426507
20170531081427984
20170531081429546
20170531081430995
20170531081432411
20170531081433850
20170531081435213
20170531081436721
20170531081438266
20170531081439633
20170531081441142
20170531081442639
20170531081444009
20170531081445097
20170531081446663
20170531081448033
20170531081449079
20170531081450019
20170531081451412
20170531081452539
20170531081453472
20170531081454886
20170531081456015
20170531081457495
20170531081458971
20170531081500116
20170531081501665
20170531081503163
20170531081504696
20170531081506211
20170531081507749
20170531081509307
20170531081510841
20170531081512311
20170531081513810
20170531081515210
20170531081516684
20170531081518102
20170531081519519
20170531081520932
20170531081522453
20170531081523919
20170531081525379
20170531081526621
20170531081528089
20170531081529460
20170531081555158
20170531081555735
20170531081556185
20170531081556635
20170531081557088
20170531081557540
20170531081557989
20170531081558440
20170531081558890
20170531081559341
20170531081559792
20170531081600243
20170531081600696
20170531081601147
20170531081601598
20170531081602048
20170531081602500
20170531081602949
20170531081603399
20170531081603852
20170531081604303
20170531081604754
20170531081605206
20170531081605658
20170531081606109
20170531081606560
20170531081607011
20170531081607460
20170531081607912
20170531081608362
20170531081608811
20170531081609263
20170531081609714
20170531081610167
20170531081610618
20170531081611071
20170531081611523
20170531081611974
20170531081612424
20170531081613644
20170531081615097
20170531081616654
20170531081618149
20170531081619455
20170531081620903
20170531081622442
20170531081623861
20170531081625088
20170531081626569
20170531081628123
20170531081629620
20170531081631081
20170531081632527
20170531081633982
20170531081635239
20170531081636593
20170531081637654
20170531081638569
20170531081640017
20170531081641192
20170531081642694
20170531081644156
20170531081645670
20170531081647206
20170531081648622
20170531081649999
20170531081651473
20170531081653007
20170531081654541
20170531081655893
20170531081657235
20170531081658589
20170531081659816
20170531081701357
20170531081702852
20170531081704294
20170531081705759
20170531081707216
20170531081708538
20170531081710009
20170531081711545
20170531081712975
20170531081714426
20170531081715833
20170531081717231
20170531081718711
20170531081719905
20170531081720927
20170531081722394
20170531081723677
20170531081725142
20170531081726339
20170531081727820
20170531081729325
20170531081730843
20170531081732239
20170531081733687
20170531081735210
20170531081736649
20170531081738022
20170531081739344
20170531081740696
20170531081742205
20170531081743748
20170531081745268
20170531081746797
20170531081748233
20170531081749702
20170531081751282
20170531081752746
20170531081754226
20170531081755786
20170531081757368
20170531081758868
20170531081800417
20170531081801888
20170531081803456
20170531081804943
20170531081806315
20170531081807436
20170531081808967
20170531081810476
20170531081811993
20170531081813537
20170531081814986
20170531081816413
20170531081817586
20170531081819165
20170531081820637
20170531081822195
20170531081823583
20170531081824794
20170531081826245
20170531081827660
20170531081828975
20170531081830007
20170531081831511
20170531081833041
20170531081834493
20170531081835789
20170531081837162
20170531081838669
20170531081840084
20170531081841608
20170531081843084
20170531081844638
20170531081846206
20170531081847740
20170531081849074
20170531081850565
20170531081851939
20170531081853128
20170531081854627
20170531081856023
20170531081857398
20170531081858909
20170531081900440
20170531081901949
20170531081903408
20170531081904928
20170531081906411
20170531081907919
20170531081909427
20170531081910934
20170531081912436
20170531081914013
20170531081915462
20170531081917038
20170531081918568
20170531081920115
20170531081921646
20170531081923158
20170531081924664
20170531081926070
20170531081927531
20170531081929026
20170531081930516
20170531081932023
20170531081933526
20170531081935023
20170531081936524
20170531081937965
20170531081939264
20170531081940696
20170531081942199
20170531081943784
20170531081945157
20170531081946439
20170531081947917
20170531081949423
20170531081950696
20170531081952034
20170531081953510
20170531081955012
20170531081956506
20170531081958042
20170531081959248
20170531082000331
20170531082001744
20170531082003224
20170531082004661
20170531082006220
20170531082007681
20170531082009173
20170531082010690
20170531082011985
20170531082013275
20170531082014755
20170531082016229
20170531082017698
20170531082019006
20170531082020232
20170531082021749
20170531082023307
20170531082024789
20170531082026001
20170531082027088
20170531082028365
20170531082029874
20170531082031288
20170531082032802
20170531082034360
20170531082035834
20170531082036949
20170531082038516
20170531082039969
20170531082041187
20170531082042627
20170531082044035
20170531082045083
20170531082046581
20170531082048092
20170531082049616
20170531082050968
20170531082052426
20170531082053993
20170531082055449
20170531082056881
20170531082058398
20170531082059981
20170531082101481
20170531082102977
20170531082104517
20170531082106037
20170531082107592
20170531082109073
20170531082110470
20170531082111966
20170531082113358
20170531082114839
20170531082116151
20170531082117651
20170531082119144
20170531082120587
20170531082121671
20170531082123086
20170531082124532
20170531082125985
20170531082127293
20170531082128819
20170531082130238
20170531082131636
20170531082133168
20170531082134479
20170531082135519
20170531082136528
20170531082137933
20170531082139492
20170531082140992
20170531082142491
20170531082144021
20170531082145508
20170531082147030
20170531082148572
20170531082150024
20170531082151430
20170531082152507
20170531082153852
20170531082155412
20170531082156916
20170531082158349
20170531082159826
20170531082201174
20170531082202655
20170531082204047
20170531082205406
20170531082206867
20170531082208420
20170531082209991
20170531082211557
20170531082213118
20170531082214646
20170531082216234
20170531082217608
20170531082218685
20170531082220182
20170531082221554
20170531082222963
20170531082224445
20170531082225837
20170531082227366
20170531082228758
20170531082229851
20170531082231280
20170531082232751
20170531082234158
20170531082235630
20170531082237119
20170531082238433
20170531082239510
20170531082240474
20170531082241974
20170531082243438
20170531082244931
20170531082246494
20170531082248011
20170531082249513
20170531082251035
20170531082252496
20170531082253961
20170531082255471
20170531082256816
20170531082257903
20170531082259373
20170531082300878
20170531082302281
20170531082303762
20170531082305121
20170531082306557
20170531082308057
20170531082309535
20170531082310928
20170531082312123
20170531082313684
20170531082315055
20170531082316610
20170531082318045
20170531082319534
20170531082321119
20170531082322536
20170531082323990
20170531082325499
20170531082326981
20170531082328536
20170531082330062
20170531082331560
20170531082333064
20170531082334466
20170531082335987
20170531082337566
20170531082339107
20170531082340403
20170531082341487
20170531082342967
20170531082344325
20170531082345778
20170531082347297
20170531082348661
20170531082349995
20170531082351538
20170531082353021
20170531082354457
20170531082355952
20170531082357335
20170531082358863
20170531082400298
20170531082401541
20170531082402951
20170531082404170
20170531082405556
20170531082406768
20170531082408151
20170531082409624
20170531082411127
20170531082412696
20170531082414171
20170531082415673
20170531082417221
20170531082418595
20170531082420079
20170531082421568
20170531082423103
20170531082424655
20170531082426156
20170531082427595
20170531082429122
20170531082430643
20170531082432170
20170531082433700
20170531082435036
20170531082436134
20170531082437676
20170531082439090
20170531082440590
20170531082441954
20170531082443481
20170531082444916
20170531082446395
20170531082447832
20170531082449106
20170531082450613
20170531082452062
20170531082453552
20170531082455003
20170531082456494
20170531082457937
20170531082459442
20170531082500914
20170531082502453
20170531082503875
20170531082505325
20170531082506752
20170531082508208
20170531082509649
20170531082511196
20170531082512700
20170531082514205
20170531082515500
20170531082516610
20170531082517614
20170531082518772
20170531082520277
20170531082521787
20170531082523154
20170531082524722
20170531082526117
20170531082527474
20170531082528947
20170531082530446
20170531082531938
20170531082533480
20170531082534977
20170531082536521
20170531082538083
20170531082539560
20170531082541098
20170531082542482
20170531082544028
20170531082545455
20170531082546997
20170531082548502
20170531082550057
20170531082551561
20170531082553038
20170531082554575
20170531082556047
20170531082557521
20170531082558948
20170531082600485
20170531082601914
20170531082603417
20170531082604904
20170531082606379
20170531082607863
20170531082609331
20170531082610620
20170531082611917
20170531082613471
20170531082614944
20170531082616490
20170531082617993
20170531082619344
20170531082620561
20170531082621725
20170531082622978
20170531082624023
20170531082625466
20170531082626839
20170531082628232
20170531082629730
20170531082630851
20170531082632358
20170531082633793
20170531082635089
20170531082636541
20170531082637958
20170531082639174
20170531082640480
20170531082641975
20170531082643537
20170531082644972
20170531082646564
20170531082648063
20170531082649622
20170531082651125
20170531082652542
20170531082653767
20170531082655325
20170531082656852
20170531082658344
20170531082659831
20170531082701390
20170531082702822
20170531082704281
20170531082705788
20170531082707326
20170531082708754
20170531082710285
20170531082711732
20170531082713290
20170531082714772
20170531082715989
20170531082717400
20170531082718798
20170531082720240
20170531082721587
20170531082723050
20170531082724538
20170531082726047
20170531082727511
20170531082729033
20170531082730505
20170531082731841
20170531082733116
20170531082734153
20170531082735344
20170531082736732
20170531082737802
20170531082738756
20170531082740230
20170531082741706
20170531082743209


20170531082744777
20170531082746237
20170531082747768
20170531082749266
20170531082750665
20170531082752224
20170531082753727
20170531082755282
20170531082756819
20170531082758365
20170531082759904
20170531082801419
20170531082802977
20170531082804545
20170531082806109
20170531082807613
20170531082808838
20170531082810345
20170531082811931
20170531082813430
20170531082814809
20170531082816346
20170531082817907
20170531082819373
20170531082820791
20170531082822215
20170531082823681
20170531082825231
20170531082826719
20170531082828205
20170531082829530
20170531082830853
20170531082832376
20170531082833891
20170531082835392
20170531082836904
20170531082838455
20170531082839960
20170531082841473
20170531082842816
20170531082844210
20170531082845745
20170531082847316
20170531082848638
20170531082850056
20170531082851553
20170531082853110
20170531082854607
20170531082855979
20170531082857425
20170531082858599
20170531082900073
20170531082901486
20170531082902915
20170531082904401
20170531082905940
20170531082907453
20170531082908990
20170531082910481
20170531082911946
20170531082913456
20170531082914964
20170531082916468
20170531082918043
20170531082919511
20170531082920895
20170531082922310
20170531082923506
20170531082924997
20170531082926542
20170531082927955
20170531082929370
20170531082930784
20170531082932288
20170531082933574
20170531082935027
20170531082936575
20170531082938127
20170531082939627
20170531082941167
20170531082942686
20170531082944200
20170531082945716
20170531082947099
20170531082948692
20170531082950225
20170531082951637
20170531082953174
20170531082954487
20170531082955880
20170531082956926
20170531082957863
20170531082959355
20170531083000732
20170531083002152
20170531083003574
20170531083004992
20170531083006315
20170531083007760
20170531083009267
20170531083010587
20170531083012139
20170531083013626
20170531083015130
20170531083016672
20170531083017873
20170531083019046
20170531083020563
20170531083022123
20170531083023610
20170531083025079
20170531083026424
20170531083027964
20170531083029471
20170531083030902
20170531083032313
20170531083033757
20170531083035150
20170531083036505
20170531083037924
20170531083039406
20170531083040823
20170531083042270
20170531083043804
20170531083045272
20170531083046484
20170531083047773
20170531083049211
20170531083050648
20170531083052100
20170531083053426
20170531083054916
20170531083056424
20170531083057900
20170531083059414
20170531083100878
20170531083102385
20170531083103950
20170531083105543
20170531083106938
20170531083108456
20170531083109917
20170531083111430
20170531083112890
20170531083114420
20170531083115892
20170531083117315
20170531083118653
20170531083120126
20170531083121615
20170531083123181
20170531083124676
20170531083126145
20170531083127603
20170531083129090
20170531083130511
20170531083131668
20170531083132612
20170531083133460
20170531083134175
20170531083135489
20170531083136877
20170531083138043
20170531083139066
20170531083139930
20170531083141344
20170531083142759
20170531083144147
20170531083145530
20170531083147061
20170531083148545
20170531083149701
20170531083151127
20170531083152560
20170531083153774
20170531083155354
20170531083156907
20170531083158428
20170531083159735
20170531083201291
20170531083202715
20170531083204274
20170531083205781
20170531083207034
20170531083208123
20170531083209326
20170531083210806
20170531083212294
20170531083213741
20170531083214994
20170531083216484
20170531083217996
20170531083219179
20170531083220634
20170531083221962
20170531083223480
20170531083224715
20170531083226127
20170531083227681
20170531083229146
20170531083230735
20170531083232176
20170531083233664
20170531083235136
20170531083236516
20170531083238023
20170531083239527
20170531083240930
20170531083242293
20170531083243452
20170531083244991
20170531083246506
20170531083247852
20170531083248881
20170531083250318
20170531083251740
20170531083253161
20170531083254624
20170531083256184
20170531083257710
20170531083259264
20170531083300808
20170531083302312
20170531083303576
20170531083304615
20170531083306148
20170531083307650
20170531083309192
20170531083310778
20170531083312258
20170531083313648
20170531083315080
20170531083316636
20170531083318137
20170531083319620
20170531083321097
20170531083322591
20170531083324065
20170531083325554
20170531083326888
20170531083328189
20170531083329603
20170531083331098
20170531083332498
20170531083333991
20170531083335488
20170531083336794
20170531083338180
20170531083339691
20170531083341114
20170531083342616
20170531083344183
20170531083345401
20170531083346672
20170531083347923
20170531083349294
20170531083350776
20170531083352370
20170531083353912
20170531083355421
20170531083356927
20170531083358456
20170531083359877
20170531083401441
20170531083402848
20170531083404306
20170531083405764
20170531083407225
20170531083408758
20170531083410192
20170531083411661
20170531083413120
20170531083414647
20170531083416212
20170531083417723
20170531083419188
20170531083420401
20170531083421468
20170531083422843
20170531083424213
20170531083425748
20170531083427228
20170531083428702
20170531083430234
20170531083431655
20170531083433133
20170531083434563
20170531083436033
20170531083437537
20170531083438956
20170531083440515
20170531083442030
20170531083443538
20170531083444972
20170531083446504
20170531083447987
20170531083449481
20170531083450982
20170531083452573
20170531083454034
20170531083455623
20170531083457090
20170531083458515
20170531083500091
20170531083501544
20170531083503102
20170531083504631
20170531083506054
20170531083507534
20170531083508995
20170531083510503
20170531083511770
20170531083513159
20170531083514291
20170531083515886
20170531083517417
20170531083518969
20170531083520405
20170531083521916
20170531083523417
20170531083524798
20170531083525982
20170531083526990
20170531083528496
20170531083529900
20170531083531467
20170531083532827
20170531083534183
20170531083535453
20170531083536911
20170531083538425
20170531083539927
20170531083541371
20170531083542678
20170531083544196
20170531083545716
20170531083547281
20170531083548731
20170531083550261
20170531083551852
20170531083553281
20170531083554441
20170531083555708
20170531083557170
20170531083558482
20170531083559576
20170531083601054
20170531083602576
20170531083604123
20170531083605588
20170531083606923
20170531083608341
20170531083609495
20170531083611000
20170531083612358
20170531083613918
20170531083615467
20170531083616926
20170531083618323
20170531083619788
20170531083621285
20170531083622688
20170531083624040
20170531083625512
20170531083626993
20170531083628423
20170531083629646
20170531083631015
20170531083632544
20170531083633798
20170531083635189
20170531083636658
20170531083637778
20170531083639218
20170531083640682
20170531083642164
20170531083643726
20170531083645239
20170531083646747
20170531083648261
20170531083649726
20170531083651287
20170531083652741
20170531083654220
20170531083655366
20170531083656781
20170531083658225
20170531083659632
20170531083700843
20170531083702242
20170531083703723
20170531083705151
20170531083706623
20170531083707839
20170531083709310
20170531083710768
20170531083712227
20170531083713739
20170531083715269
20170531083716776
20170531083718286
20170531083719814
20170531083721329
20170531083722723
20170531083723879
20170531083725430
20170531083726806
20170531083728272
20170531083729789
20170531083731100
20170531083732608
20170531083733934
20170531083735455
20170531083736955
20170531083738365
20170531083739668
20170531083741189
20170531083742556
20170531083743979
20170531083745472
20170531083747016
20170531083748583
20170531083749772
20170531083750825
20170531083752193
20170531083753650
20170531083755085
20170531083756705
20170531083758169
20170531083759684
20170531083801155
20170531083802563
20170531083804100
20170531083805375
20170531083806820
20170531083808434
20170531083809881
20170531083811079
20170531083812611
20170531083813978
20170531083815247
20170531083816743
20170531083817865
20170531083818908
20170531083820482
20170531083822033
20170531083823432
20170531083824932
20170531083826477
20170531083827851
20170531083828991
20170531083830493
20170531083831884
20170531083833288
20170531083834877
20170531083836323
20170531083837891
20170531083839433
20170531083840863
20170531083842336
20170531083843776
20170531083845258
20170531083846441
20170531083847459
20170531083848510
20170531083850093
20170531083851646
20170531083853107
20170531083854637
20170531083856099
20170531083857654
20170531083859114
20170531083900599
20170531083902128
20170531083903513
20170531083905012
20170531083906507
20170531083908066
20170531083909538
20170531083911039
20170531083912552
20170531083913951
20170531083915369
20170531083916916
20170531083918254
20170531083919530
20170531083920985
20170531083922414
20170531083923884
20170531083925290
20170531083926775
20170531083928148
20170531083929547
20170531083931096
20170531083932538
20170531083933950
20170531083935329
20170531083936641
20170531083938102
20170531083939617
20170531083941041
20170531083942503
20170531083943926
20170531083945503
20170531083947034
20170531083948467
20170531083949637
20170531083950913
20170531083952471
20170531083953937
20170531083955418
20170531083956925
20170531083958457
20170531083959767
20170531084000805
20170531084001653
20170531084002399
20170531084003735
20170531084005247
20170531084006800
20170531084008313
20170531084009821
20170531084011355
20170531084012841
20170531084014256
20170531084015749
20170531084017328
20170531084018629
20170531084020096
20170531084021260
20170531084022289
20170531084023553
20170531084025062
20170531084026536
20170531084027957
20170531084029112
20170531084030154
20170531084031542
20170531084032581
20170531084034012
20170531084035442
20170531084036889
20170531084038428
20170531084039942
20170531084041486
20170531084042951
20170531084044295
20170531084045725
20170531084047281
20170531084048818
20170531084050184
20170531084051520
20170531084052888
20170531084054459
20170531084055851
20170531084057131
20170531084058708
20170531084100222
20170531084101665
20170531084103090
20170531084104614
20170531084106142
20170531084107544
20170531084108847
20170531084110346
20170531084111653
20170531084113047
20170531084114458
20170531084116069
20170531084117636
20170531084119028
20170531084120497
20170531084121735
20170531084122761
20170531084124290
20170531084125796
20170531084127318
20170531084128857
20170531084130339
20170531084131924
20170531084133411
20170531084134587
20170531084136092
20170531084137624
20170531084138982
20170531084140441
20170531084141936
20170531084143444
20170531084144886
20170531084146441
20170531084147930
20170531084149478
20170531084150669
20170531084152232
20170531084153609
20170531084155030
20170531084156499
20170531084158028
20170531084159544
20170531084201080


20170531084202600
20170531084203945
20170531084205470
20170531084206968
20170531084208408
20170531084209870
20170531084211446
20170531084212945
20170531084214360
20170531084215545
20170531084216811
20170531084218278
20170531084219828
20170531084221335
20170531084222795
20170531084224267
20170531084225748
20170531084227264
20170531084228844
20170531084230129
20170531084231470
20170531084232711
20170531084233982
20170531084235439
20170531084236912
20170531084238505
20170531084239846
20170531084241174
20170531084242464
20170531084243995
20170531084245511
20170531084246973
20170531084248400
20170531084249460
20170531084250381
20170531084251850
20170531084253210
20170531084254658
20170531084256073
20170531084257490
20170531084258896
20170531084300411
20170531084301960
20170531084303472
20170531084304905
20170531084306313
20170531084307858
20170531084309424
20170531084310897
20170531084312401
20170531084313890
20170531084315462
20170531084316991
20170531084318486
20170531084319997
20170531084321580
20170531084322798
20170531084323840
20170531084324794
20170531084326393
20170531084327912
20170531084329432
20170531084330826
20170531084332115
20170531084333526
20170531084334749
20170531084336271
20170531084337727
20170531084339265
20170531084340777
20170531084342287
20170531084343800
20170531084345244
20170531084346715
20170531084348136
20170531084349693
20170531084351195
20170531084352705
20170531084353953
20170531084355338
20170531084356681
20170531084358157
20170531084359676
20170531084401102
20170531084402521
20170531084404002
20170531084405305
20170531084406804
20170531084408247
20170531084409736
20170531084410863
20170531084412289
20170531084413580
20170531084415114
20170531084416546
20170531084417973
20170531084419292
20170531084420792
20170531084421949
20170531084423420
20170531084424922
20170531084426186
20170531084427756
20170531084429015
20170531084430566
20170531084432027
20170531084433551
20170531084435071
20170531084436572
20170531084437860
20170531084439404
20170531084440741
20170531084442250
20170531084443870
20170531084445386
20170531084446883
20170531084448425
20170531084450014
20170531084451528
20170531084452990
20170531084454142
20170531084455305
20170531084456845
20170531084458175
20170531084459745
20170531084501267
20170531084502828
20170531084504307
20170531084505794
20170531084507310
20170531084508828
20170531084510353
20170531084511878
20170531084513304
20170531084514725
20170531084516078
20170531084517472
20170531084518860
20170531084520375
20170531084521927
20170531084523436
20170531084524957
20170531084526512
20170531084527921
20170531084529081
20170531084530584
20170531084531921
20170531084533047
20170531084534516
20170531084536049
20170531084537412
20170531084538948
20170531084540425
20170531084541912
20170531084543444
20170531084544803
20170531084546396
20170531084547860
20170531084549349
20170531084550756
20170531084552243
20170531084553760
20170531084555245
20170531084556742
20170531084558278
20170531084559815
20170531084601117
20170531084602614
20170531084604114
20170531084605646
20170531084607149
20170531084608406
20170531084609604
20170531084611135
20170531084612596
20170531084613813
20170531084614877
20170531084615852
20170531084617225
20170531084618690
20170531084620115
20170531084621577
20170531084622665
20170531084624061
20170531084625108
20170531084626045
20170531084627459
20170531084628995
20170531084630431
20170531084631764
20170531084633314
20170531084634816
20170531084636332
20170531084637846
20170531084639255
20170531084640834
20170531084642011
20170531084643263
20170531084644772
20170531084646205
20170531084647653
20170531084649089
20170531084650594
20170531084652019
20170531084653483
20170531084654896
20170531084656422
20170531084657828
20170531084659385
20170531084700895
20170531084702320
20170531084703447
20170531084704938
20170531084706319
20170531084707850
20170531084709224
20170531084710728
20170531084712173
20170531084713695
20170531084715245
20170531084716778
20170531084718279
20170531084719785
20170531084721336
20170531084722718
20170531084724245
20170531084725543
20170531084726975
20170531084728258
20170531084729781
20170531084731294
20170531084732854
20170531084734366
20170531084735857
20170531084737415
20170531084738973
20170531084740535
20170531084742041
20170531084743543
20170531084745020
20170531084746587
20170531084748182
20170531084749558
20170531084751054
20170531084752611
20170531084753994
20170531084755267
20170531084756824
20170531084758173
20170531084759633
20170531084801050
20170531084802585
20170531084804096
20170531084805621
20170531084807072
20170531084808482
20170531084809928
20170531084811428
20170531084812912
20170531084814445
20170531084815847
20170531084817341
20170531084818851
20170531084820313
20170531084821888
20170531084823389
20170531084824956
20170531084826482
20170531084827965
20170531084829384
20170531084830763
20170531084832248
20170531084833808
20170531084835137
20170531084836638
20170531084838069
20170531084839632
20170531084841050
20170531084842432
20170531084844014
20170531084845591
20170531084847081
20170531084848663
20170531084850251
20170531084851811
20170531084853320
20170531084854849
20170531084856390
20170531084857900
20170531084859370
20170531084900787
20170531084902156
20170531084903620
20170531084905156
20170531084906721
20170531084908269
20170531084909663
20170531084911117
20170531084912223
20170531084913488
20170531084914903
20170531084916104
20170531084917462
20170531084918884
20170531084920281
20170531084921777
20170531084923318
20170531084924755
20170531084926265
20170531084927800
20170531084929329
20170531084930779
20170531084932345
20170531084933883
20170531084935326
20170531084936785
20170531084938194
20170531084939343
20170531084940900
20170531084942399
20170531084943893
20170531084945374
20170531084946875
20170531084948288
20170531084949423
20170531084950771
20170531084952334
20170531084953838
20170531084955288
20170531084956488
20170531084957975
20170531084959392
20170531085000898
20170531085002498
20170531085003941
20170531085005283
20170531085006554
20170531085008061
20170531085009529
20170531085010717
20170531085012192
20170531085013738
20170531085015242
20170531085016765
20170531085018240
20170531085019710
20170531085021295
20170531085022667
20170531085024102
20170531085025214
20170531085026651
20170531085028139
20170531085029575
20170531085030949
20170531085032404
20170531085033888
20170531085035325
20170531085036831
20170531085038335
20170531085039748
20170531085041260
20170531085042763
20170531085044302
20170531085045843
20170531085047308
20170531085048764
20170531085050246
20170531085051613
20170531085052940
20170531085054338
20170531085055693
20170531085057157
20170531085058677
20170531085100079
20170531085101548
20170531085103027
20170531085104479
20170531085105641
20170531085107030
20170531085108450
20170531085109837
20170531085110916
20170531085112460
20170531085113954
20170531085115521
20170531085117030
20170531085118542
20170531085120097
20170531085121580
20170531085123055
20170531085124618
20170531085126038
20170531085127280
20170531085128295
20170531085129158
20170531085130457
20170531085131975
20170531085133539
20170531085134970
20170531085136381
20170531085137966
20170531085139436
20170531085140611
20170531085141589
20170531085143040
20170531085144464
20170531085145974
20170531085147515
20170531085149001
20170531085150522
20170531085151966
20170531085153425
20170531085154702
20170531085156279
20170531085157761
20170531085159268
20170531085200703
20170531085202242
20170531085203484
20170531085204875
20170531085205917
20170531085207132
20170531085208661
20170531085210158
20170531085211704
20170531085213185
20170531085214651
20170531085215861
20170531085217206
20170531085218643
20170531085220183
20170531085221698
20170531085223199
20170531085224712
20170531085226268
20170531085227739
20170531085229290
20170531085230837
20170531085232261
20170531085233825
20170531085235274
20170531085236768
20170531085238301
20170531085239869
20170531085241322
20170531085242571
20170531085244055
20170531085245414
20170531085246989
20170531085248378
20170531085249892
20170531085251422
20170531085252977
20170531085254489
20170531085256095
20170531085257581
20170531085258995
20170531085300543
20170531085302052
20170531085303564
20170531085305023
20170531085306551
20170531085307929
20170531085309398
20170531085310846
20170531085312267
20170531085313813
20170531085315219
20170531085316366
20170531085317436
20170531085318992
20170531085320517
20170531085322003
20170531085323498
20170531085324945
20170531085326480
20170531085327889
20170531085329414
20170531085330927
20170531085332372
20170531085333788
20170531085334971
20170531085336300
20170531085337835
20170531085339187
20170531085340694
20170531085342226
20170531085343731
20170531085345244
20170531085346697
20170531085347904
20170531085349011
20170531085350543
20170531085351925
20170531085353272
20170531085354773
20170531085356336
20170531085357759
20170531085358946
20170531085359949
20170531085401370
20170531085402949
20170531085404488
20170531085405949
20170531085407436
20170531085408995
20170531085410420
20170531085411564
20170531085413015
20170531085414597
20170531085416123
20170531085417663
20170531085419016
20170531085420532
20170531085422034
20170531085423479
20170531085424986
20170531085426481
20170531085428038
20170531085429484
20170531085430985
20170531085432415
20170531085433470
20170531085434477
20170531085435941
20170531085437333
20170531085438421
20170531085439514
20170531085440607
20170531085441750
20170531085443124
20170531085444716
20170531085446296
20170531085447849
20170531085449403
20170531085450920
20170531085452251
20170531085453342
20170531085454414
20170531085455364
20170531085456240
20170531085457799
20170531085459304
20170531085500810
20170531085502250
20170531085503764
20170531085505381
20170531085506951
20170531085508469
20170531085509814
20170531085511256
20170531085512748
20170531085514143
20170531085515375
20170531085516609
20170531085518119
20170531085519422
20170531085520720
20170531085522134
20170531085523612
20170531085524759
20170531085526231
20170531085527512
20170531085528604
20170531085530101
20170531085531569
20170531085532759
20170531085533817
20170531085535267
20170531085536794
20170531085538289
20170531085539611
20170531085541063
20170531085542508
20170531085543942
20170531085545091
20170531085546067
20170531085546892
20170531085548404
20170531085549831
20170531085551189
20170531085552662
20170531085553964
20170531085555508
20170531085557037
20170531085558531
20170531085600146
20170531085601701
20170531085603205
20170531085604627
20170531085606074
20170531085607554
20170531085608895
20170531085610358
20170531085611874
20170531085613428
20170531085614842
20170531085616235
20170531085617752
20170531085619315


20170531085620801
20170531085622308
20170531085623814
20170531085625347
20170531085626853
20170531085628346
20170531085629738
20170531085631273
20170531085632876
20170531085634377
20170531085635893
20170531085637383
20170531085638712
20170531085640189
20170531085641619
20170531085643035
20170531085644572
20170531085645960
20170531085647504
20170531085648941
20170531085650264
20170531085651642
20170531085653084
20170531085654556
20170531085655848
20170531085657265
20170531085658777
20170531085700194
20170531085701522
20170531085703027
20170531085704588
20170531085705975
20170531085707505
20170531085709021
20170531085710414
20170531085711952
20170531085713480
20170531085715004
20170531085716386
20170531085717622
20170531085719119
20170531085720382
20170531085721763
20170531085723231
20170531085724682
20170531085726067
20170531085727454
20170531085728951
20170531085730478
20170531085731924
20170531085733410
20170531085734916
20170531085736427
20170531085737895
20170531085739439
20170531085740728
20170531085742267
20170531085743761
20170531085745242
20170531085746748
20170531085748076
20170531085749270
20170531085750828
20170531085752393
20170531085753583
20170531085755136
20170531085756670
20170531085758205
20170531085759594
20170531085800743
20170531085802251
20170531085803793
20170531085805009
20170531085806097
20170531085807681
20170531085809150
20170531085810526
20170531085811731
20170531085813130
20170531085814501
20170531085815927
20170531085817192
20170531085818759
20170531085820367
20170531085821864
20170531085823403
20170531085824935
20170531085826448
20170531085827986
20170531085829409
20170531085830898
20170531085832457
20170531085834008
20170531085835430
20170531085836719
20170531085838179
20170531085839614
20170531085841160
20170531085842717
20170531085844205
20170531085845664
20170531085847199
20170531085848693
20170531085850141
20170531085851601
20170531085853191
20170531085854706
20170531085856217
20170531085857702
20170531085859104
20170531085900478
20170531085901956
20170531085903272
20170531085904704
20170531085905974
20170531085907140
20170531085908579
20170531085910050
20170531085911532
20170531085912949
20170531085914096
20170531085915563
20170531085916714
20170531085918047
20170531085919228
20170531085920644
20170531085922177
20170531085923722
20170531085925209
20170531085926717
20170531085928283
20170531085929771
20170531085931309
20170531085932894
20170531085934366
20170531085935655
20170531085936747
20170531085938222
20170531085939715
20170531085941149
20170531085942706
20170531085944256
20170531085945559
20170531085947009
20170531085948448
20170531085949886
20170531085951386
20170531085952892
20170531085954448
20170531085955908
20170531085957492
20170531085958999
20170531090000548
20170531090001928
20170531090003077
20170531090004026
20170531090005360
20170531090006817
20170531090008333
20170531090009886
20170531090011434
20170531090012791
20170531090014285
20170531090015759
20170531090016951
20170531090018105
20170531090019619
20170531090021159
20170531090022593
20170531090024082
20170531090025645
20170531090027073
20170531090028619
20170531090030118
20170531090031630
20170531090033117
20170531090034378
20170531090035919
20170531090037404
20170531090038902
20170531090040355
20170531090041834
20170531090043352
20170531090044857
20170531090046413
20170531090047868
20170531090049218
20170531090050678
20170531090052083
20170531090053593
20170531090055122
20170531090056655
20170531090058043
20170531090059524
20170531090100677
20170531090102155
20170531090103715
20170531090105273
20170531090106770
20170531090108131
20170531090109239
20170531090110732
20170531090112276
20170531090113769
20170531090115208
20170531090116353
20170531090117815
20170531090119231
20170531090120358
20170531090121293
20170531090122628
20170531090123902
20170531090125318
20170531090126893
20170531090128235
20170531090129276
20170531090130657
20170531090132000
20170531090133497
20170531090134921
20170531090136430
20170531090137843
20170531090139334
20170531090140872
20170531090142244
20170531090143667
20170531090145209
20170531090146810
20170531090148235
20170531090149779
20170531090151186
20170531090152338
20170531090153923
20170531090155473
20170531090157023
20170531090158152
20170531090159087
20170531090200575
20170531090202143
20170531090203728
20170531090205186
20170531090206451
20170531090207938
20170531090209267
20170531090210509
20170531090212016
20170531090213444
20170531090214951
20170531090216548
20170531090218088
20170531090219596
20170531090221105
20170531090222613
20170531090224053
20170531090225405
20170531090226942
20170531090228334
20170531090229887
20170531090231254
20170531090232749
20170531090234170
20170531090235735
20170531090237280
20170531090238731
20170531090240153
20170531090241695
20170531090243161
20170531090244647
20170531090246175
20170531090247525
20170531090248783
20170531090250307
20170531090251816
20170531090253241
20170531090254803
20170531090256370
20170531090257912
20170531090259417
20170531090300692
20170531090302230
20170531090303754
20170531090305293
20170531090306736
20170531090308303
20170531090309793
20170531090311135
20170531090312507
20170531090313844
20170531090314893
20170531090316301
20170531090317871
20170531090319434
20170531090321001
20170531090322527
20170531090324047
20170531090325548
20170531090327032
20170531090328435
20170531090329862
20170531090331460
20170531090332973
20170531090334496
20170531090335963
20170531090337496
20170531090339000
20170531090340335
20170531090341600
20170531090343008
20170531090344342
20170531090345771
20170531090347378
20170531090348733
20170531090350216
20170531090351451
20170531090353019
20170531090354585
20170531090356058
20170531090357634
20170531090359215
20170531090400551
20170531090402076
20170531090403385
20170531090404703
20170531090405938
20170531090407032
20170531090408416
20170531090409882
20170531090411389
20170531090412767
20170531090414191
20170531090415408
20170531090416871
20170531090418376
20170531090419871
20170531090421407
20170531090422891
20170531090424194
20170531090425649
20170531090426828
20170531090428327
20170531090429752
20170531090431214
20170531090432760
20170531090434262
20170531090435786
20170531090437120
20170531090438597
20170531090440082
20170531090441586
20170531090443101
20170531090444641
20170531090446185
20170531090447698
20170531090449215
20170531090450812
20170531090452313
20170531090453876
20170531090455309
20170531090456513
20170531090458064
20170531090459554
20170531090500778
20170531090502315
20170531090503676
20170531090505191
20170531090506532
20170531090507843
20170531090509359
20170531090510863
20170531090512369
20170531090513890
20170531090515426
20170531090516848
20170531090518363
20170531090519918
20170531090521346
20170531090522765
20170531090523919
20170531090525014
20170531090526097
20170531090527614
20170531090529145
20170531090530620
20170531090532082
20170531090533537
20170531090535058
20170531090536543
20170531090538026
20170531090539459
20170531090540976
20170531090542479
20170531090543988
20170531090545508
20170531090546938
20170531090548457
20170531090549999
20170531090551499
20170531090553038
20170531090554579
20170531090556037
20170531090557493
20170531090558960
20170531090600151
20170531090601229
20170531090602614
20170531090604034
20170531090605460
20170531090606945
20170531090608207
20170531090609750
20170531090611128
20170531090612634
20170531090614191
20170531090615687
20170531090617273
20170531090618780
20170531090620281
20170531090621808
20170531090623378
20170531090624776
20170531090626388
20170531090627936
20170531090629381
20170531090630933
20170531090632444
20170531090633889
20170531090635395
20170531090636905
20170531090638460
20170531090639972
20170531090641436
20170531090642884
20170531090644355
20170531090645935
20170531090647431
20170531090649020
20170531090650492
20170531090651907
20170531090653411
20170531090654955
20170531090656492
20170531090658023
20170531090659530
20170531090701034
20170531090702386
20170531090703880
20170531090705186
20170531090706638
20170531090708156
20170531090709677
20170531090711198
20170531090712772
20170531090714259
20170531090715738
20170531090717159
20170531090718677
20170531090720099
20170531090721606
20170531090722903
20170531090724414
20170531090725856
20170531090727183
20170531090728737
20170531090730153
20170531090731674
20170531090733159
20170531090734306
20170531090735320
20170531090736900
20170531090738387
20170531090739884
20170531090741368
20170531090742907
20170531090744438
20170531090745969
20170531090747487
20170531090749047
20170531090750524
20170531090751989
20170531090753061
20170531090754557
20170531090756025
20170531090757362
20170531090758505
20170531090759876
20170531090801372
20170531090802846
20170531090804348
20170531090805744
20170531090807284
20170531090808795
20170531090810306
20170531090811884
20170531090813348
20170531090814744
20170531090816211
20170531090817446
20170531090818922
20170531090820230
20170531090821726
20170531090823208
20170531090824631
20170531090826122
20170531090827649
20170531090828862
20170531090830326
20170531090831809
20170531090833189
20170531090834576
20170531090835854
20170531090837353
20170531090838885
20170531090840397
20170531090841966
20170531090843425
20170531090844839
20170531090846349
20170531090847942
20170531090849480
20170531090850947
20170531090852435
20170531090853889
20170531090855295
20170531090856855
20170531090858349
20170531090859543
20170531090900603
20170531090902125
20170531090903689
20170531090905164
20170531090906316
20170531090907377
20170531090908311
20170531090909125
20170531090909865
20170531090911308
20170531090912822
20170531090914336
20170531090915912
20170531090917450
20170531090918879
20170531090920387
20170531090921852
20170531090923284
20170531090924723
20170531090926025
20170531090927526
20170531090928972
20170531090930125
20170531090931650
20170531090932957
20170531090934190
20170531090935759
20170531090937249
20170531090938663
20170531090940150
20170531090941595
20170531090942873
20170531090944403
20170531090945871
20170531090947375
20170531090948838
20170531090950278
20170531090951710
20170531090952824
20170531090954116
20170531090955524
20170531090956681
20170531090957683
20170531090958545
20170531090959947
20170531091001442
20170531091002929
20170531091004330
20170531091005729
20170531091007291
20170531091008653
20170531091010127
20170531091011492
20170531091012542
20170531091013479
20170531091015039
20170531091016463
20170531091017944
20170531091019383
20170531091020696
20170531091021895
20170531091023330
20170531091024755
20170531091026306
20170531091027842
20170531091029354
20170531091030915
20170531091032434
20170531091033929
20170531091035261
20170531091036748
20170531091038168
20170531091039683
20170531091041210



20170531091042625
20170531091044047
20170531091045554
20170531091047159
20170531091048645
20170531091050149
20170531091051660
20170531091053110
20170531091054591
20170531091056103
20170531091057372
20170531091058663
20170531091100041
20170531091101564
20170531091103070
20170531091104657
20170531091106143
20170531091107656
20170531091109086
20170531091110388
20170531091111957
20170531091113396
20170531091114484
20170531091116068
20170531091117611
20170531091119041
20170531091120543
20170531091121925
20170531091123329
20170531091124872
20170531091126411
20170531091127786
20170531091129173
20170531091130631
20170531091132057
20170531091133270
20170531091134820
20170531091136287
20170531091137862
20170531091139452
20170531091141020
20170531091142579
20170531091144079
20170531091145381
20170531091146907
20170531091148461
20170531091149913
20170531091151467
20170531091152997
20170531091154508
20170531091155919
20170531091157408
20170531091158775
20170531091159850
20170531091200854
20170531091202292
20170531091203799
20170531091205162
20170531091206620
20170531091208165
20170531091209606
20170531091211168
20170531091212768
20170531091214251
20170531091215780
20170531091217281
20170531091218690
20170531091220267
20170531091221776
20170531091223300
20170531091224723
20170531091226147
20170531091227689
20170531091229153
20170531091230683
20170531091232133
20170531091233619
20170531091235036
20170531091236581
20170531091238126
20170531091239638
20170531091241260
20170531091242695
20170531091244230
20170531091245640
20170531091247191
20170531091248688
20170531091250150
20170531091251667
20170531091253265
20170531091254619
20170531091256094
20170531091257627
20170531091259142
20170531091300664
20170531091302078
20170531091303244
20170531091304708
20170531091306234
20170531091307787
20170531091309332
20170531091310733
20170531091312224
20170531091313820
20170531091315201
20170531091316709
20170531091318267
20170531091319643
20170531091321072
20170531091322594
20170531091324090
20170531091325495
20170531091327011
20170531091328366
20170531091329514
20170531091331026
20170531091404061
20170531091404518
20170531091404970
20170531091405424
20170531091405877
20170531091407299
20170531091408808
20170531091410259
20170531091411755
20170531091413175
20170531091414655
20170531091415962
20170531091417439
20170531091418930
20170531091420444
20170531091421957
20170531091423402
20170531091424707
20170531091426212
20170531091427743
20170531091429251
20170531091430723
20170531091432226
20170531091433745
20170531091435310
20170531091436761
20170531091438354
20170531091439777
20170531091441181
20170531091442513
20170531091444043
20170531091445463
20170531091446948
20170531091448396
20170531091515083
20170531091515538
20170531091515990
20170531091516444
20170531091516896
20170531091517354
20170531091517809
20170531091518263
20170531091518716
20170531091519170
20170531091519628
20170531091520080
20170531091520535
20170531091520988
20170531091521443
20170531091521897
20170531091522351
20170531091522809
20170531091523263
20170531091523717
20170531091524170
20170531091524625
20170531091525080
20170531091525535
20170531091525987
20170531091526439
20170531091526892
20170531091527349
20170531091527806
20170531091528258
20170531091529591
20170531091531031
20170531091532390
20170531091533719
20170531091535233
20170531091536687
20170531091538245
20170531091539701
20170531091541294
20170531091542755
20170531091544196
20170531091545667
20170531091547207
20170531091548674
20170531091550170
20170531091551389
20170531091553006
20170531091554551
20170531091555994
20170531091557370
20170531091558813
20170531091600339
20170531091601806
20170531091603395
20170531091604903
20170531091606416
20170531091607748
20170531091609238
20170531091610740
20170531091612106
20170531091613639
20170531091615178
20170531091616640
20170531091618033
20170531091619511
20170531091620921
20170531091622460
20170531091623928
20170531091625485
20170531091627042
20170531091628586
20170531091630025
20170531091631202
20170531091632511
20170531091634003
20170531091635460
20170531091636725
20170531091638031
20170531091639564
20170531091641064
20170531091642564
20170531091644081
20170531091645601
20170531091647123
20170531091648592
20170531091650012
20170531091651193
20170531091652585
20170531091653642
20170531091655103
20170531091656618
20170531091658114
20170531091659573
20170531091700954
20170531091702331
20170531091703928
20170531091705477
20170531091706956
20170531091708381
20170531091709808
20170531091711378
20170531091712849
20170531091714211
20170531091715658
20170531091717056
20170531091718347
20170531091719830
20170531091721311
20170531091722763
20170531091724222
20170531091725753
20170531091727252
20170531091728716
20170531091730139
20170531091731298
20170531091732360
20170531091733374
20170531091734797
20170531091736297
20170531091737781
20170531091739297
20170531091740783
20170531091742398
20170531091743833
20170531091745400
20170531091746875
20170531091748326
20170531091749841
20170531091751288
20170531091752799
20170531091754326
20170531091755871
20170531091757370
20170531091758801
20170531091800221
20170531091801649
20170531091803116
20170531091804622
20170531091806106
20170531091807557
20170531091809081
20170531091810582
20170531091812173
20170531091813679
20170531091814932
20170531091816457
20170531091817915
20170531091819179
20170531091820237
20170531091821569
20170531091822988
20170531091824506
20170531091825928
20170531091827230
20170531091828775
20170531091830184
20170531091831710
20170531091833217
20170531091834345
20170531091835309
20170531091836775
20170531091838031
20170531091839102
20170531091840573
20170531091841664
20170531091843086
20170531091844557
20170531091846035
20170531091847472
20170531091848608
20170531091849951
20170531091851324
20170531091852735
20170531091854137
20170531091855665
20170531091857095
20170531091858253
20170531091859312
20170531091900780
20170531091901967
20170531091903459
20170531091904938
20170531091906509
20170531091907809
20170531091908844
20170531091909855
20170531091911394
20170531091912748
20170531091914139
20170531091915517
20170531091916827
20170531091918261
20170531091919823
20170531091921331
20170531091922809
20170531091924319
20170531091925931
20170531091927420
20170531091928885
20170531091930307
20170531091931505
20170531091933001
20170531091934452
20170531091935941
20170531091937465
20170531091938760
20170531091940269
20170531091941697
20170531091943112
20170531091944500
20170531091946000
20170531091947501
20170531091949065
20170531091950500
20170531091951973
20170531091953420
