20170531074321498
20170531074322762L
20170531074340779
20170531074342229
20170531074342229a
20170531074344965L
20170531074359508
20170531074411101
20170531074413814
20170531074413814a
20170531074415288
20170531074415288a
20170531074423896
20170531074434826
20170531074444541
20170531074445625
20170531074450705
20170531074458691
20170531074507515
20170531074508789
20170531074540378
20170531074544234
20170531074547118
20170531074555896
20170531074555896a
20170531074603163
20170531074607572a
20170531074612788
20170531074618697
20170531074622924
20170531074630785
20170531074637536
20170531074643131
20170531074645724
20170531074647214
20170531074654210
20170531074655461
20170531074658285
20170531074658285a
20170531074658285b
20170531074701905
20170531074705789
20170531074707114
20170531074708585
20170531074712417
20170531074718191
20170531074730102
20170531074732920
20170531074734304
20170531074735512
20170531074735512a
20170531074736979
20170531074739935
20170531074742886
20170531074747229
20170531074751789
20170531074806738
20170531074808241
20170531074846316
20170531074856597
20170531074902389
20170531074909099
20170531074909099b
20170531074915830
20170531074917222
20170531074921098
20170531074926913
20170531074933573
20170531074935390L
20170531074951393
20170531074959193
20170531075049348a
20170531075100587
20170531075114086
20170531075115565
20170531075130619
20170531075134829
20170531075147407
20170531075214398
20170531075215828
20170531075222333
20170531075234184
20170531075304462
20170531075359485
20170531075409249
20170531075436433
20170531075523216
20170531075607657
20170531075623010
20170531075833620
20170531075947158
20170531075948627
20170531075949831
20170531080106886
20170531080209529
20170531080423559
20170531080546372
20170531080611603
20170531080632769
20170531080743545
20170531080830127
20170531081109807
20170531081501665
20170531081742205L
20170531081841608
20170531082155412
20170531082644972
20170531083326888
20170531083541371
20170531083719814
20170531084006800
20170531085211704
20170531090003077L
20170531090543988
20170531090551499
st3Around.txt
